order_number	created_at	customer_info	line_items	payment_details	device_type
C696866	2025-03-07T07:05:49Z	"{""email"":""kim2254@example.kr"",""country"":""KR"",""phone"":""+82-10-7964-4251""}"	"[{""sku"":""WIDGET-227"",""qty"":3,""price"":223279}]"	"{""method"":""bank_transfer"",""currency"":""KRW"",""amount"":669837,""status"":""settled""}"	mobile
C687602	2025-03-07T03:00:33Z	"{""email"":""lee885@example.kr"",""country"":""KR"",""phone"":""+82-10-5165-7362""}"	"[{""sku"":""WIDGET-134"",""qty"":5,""price"":185440}]"	"{""method"":""credit_card"",""currency"":""KRW"",""amount"":927200,""status"":""completed""}"	mobile
C690970	2025-03-07T19:50:18Z	"{""email"":""kim3325@example.kr"",""country"":""KR"",""phone"":""+82-10-2564-6417""}"	"[{""sku"":""WIDGET-138"",""qty"":2,""price"":184102}]"	"{""method"":""mobile_wallet"",""currency"":""KRW"",""amount"":368204,""status"":""settled""}"	mobile
C696133	2025-03-07T15:30:09Z	"{""email"":""park5261@example.jp"",""country"":""JP"",""phone"":""+81-90-7168-3120""}"	"[{""sku"":""WIDGET-248"",""qty"":2,""price"":14947}]"	"{""method"":""mobile_wallet"",""currency"":""JPY"",""amount"":29894,""status"":""settled""}"	mobile
C688643	2025-03-07T09:40:49Z	"{""email"":""yamada6288@example.jp"",""country"":""JP"",""phone"":""+81-90-4138-3389""}"	"[{""sku"":""WIDGET-144"",""qty"":5,""price"":14926}]"	"{""method"":""credit_card"",""currency"":""JPY"",""amount"":74630,""status"":""settled""}"	tablet
C690798	2025-03-07T16:45:50Z	"{""email"":""kim324@example.jp"",""country"":""JP"",""phone"":""+81-90-9304-6740""}"	"[{""sku"":""WIDGET-215"",""qty"":1,""price"":8410}]"	"{""method"":""mobile_wallet"",""currency"":""JPY"",""amount"":8410,""status"":""settled""}"	tablet
C693912	2025-03-07T18:20:27Z	"{""email"":""yamada3922@example.jp"",""country"":""JP"",""phone"":""+81-90-2990-1187""}"	"[{""sku"":""WIDGET-300"",""qty"":5,""price"":19833}]"	"{""method"":""credit_card"",""currency"":""JPY"",""amount"":99165,""status"":""settled""}"	tablet
C692916	2025-03-07T10:10:50Z	"{""email"":""kim1433@example.jp"",""country"":""JP"",""phone"":""+81-90-7346-5055""}"	"[{""sku"":""WIDGET-196"",""qty"":2,""price"":25409}]"	"{""method"":""mobile_wallet"",""currency"":""JPY"",""amount"":50818,""status"":""settled""}"	mobile
C696900	2025-03-07T19:55:08Z	"{""email"":""lee1843@example.kr"",""country"":""KR"",""phone"":""+82-10-5864-5450""}"	"[{""sku"":""WIDGET-321"",""qty"":2,""price"":122101}]"	"{""method"":""bank_transfer"",""currency"":""KRW"",""amount"":244202,""status"":""pending""}"	mobile
C689288	2025-03-07T22:25:46Z	"{""email"":""lee6069@example.jp"",""country"":""JP"",""phone"":""+81-90-9199-4109""}"	"[{""sku"":""WIDGET-297"",""qty"":5,""price"":28450}]"	"{""method"":""bank_transfer"",""currency"":""JPY"",""amount"":142250,""status"":""completed""}"	desktop
C693931	2025-03-07T12:00:31Z	"{""email"":""lee9326@example.jp"",""country"":""JP"",""phone"":""+81-90-1937-8465""}"	"[{""sku"":""WIDGET-389"",""qty"":4,""price"":1952}]"	"{""method"":""bank_transfer"",""currency"":""JPY"",""amount"":7808,""status"":""completed""}"	tablet
C686967	2025-03-07T21:10:34Z	"{""email"":""kim4733@example.jp"",""country"":""JP"",""phone"":""+81-90-8546-1709""}"	"[{""sku"":""WIDGET-307"",""qty"":2,""price"":2424}]"	"{""method"":""credit_card"",""currency"":""JPY"",""amount"":4848,""status"":""completed""}"	mobile
C687719	2025-03-07T17:25:09Z	"{""email"":""kim4492@example.jp"",""country"":""JP"",""phone"":""+81-90-9218-3554""}"	"[{""sku"":""WIDGET-162"",""qty"":4,""price"":4951}]"	"{""method"":""bank_transfer"",""currency"":""JPY"",""amount"":19804,""status"":""settled""}"	desktop
C687842	2025-03-07T10:15:50Z	"{""email"":""park4192@example.jp"",""country"":""JP"",""phone"":""+81-90-6590-8073""}"	"[{""sku"":""WIDGET-362"",""qty"":5,""price"":29674}]"	"{""method"":""mobile_wallet"",""currency"":""JPY"",""amount"":148370,""status"":""settled""}"	mobile
C689534	2025-03-07T05:35:44Z	"{""email"":""lee8857@example.kr"",""country"":""KR"",""phone"":""+82-10-9819-2279""}"	"[{""sku"":""WIDGET-399"",""qty"":5,""price"":258771}]"	"{""method"":""bank_transfer"",""currency"":""KRW"",""amount"":1293855,""status"":""settled""}"	mobile
C687929	2025-03-07T00:20:42Z	"{""email"":""tanaka2803@example.jp"",""country"":""JP"",""phone"":""+81-90-4244-5926""}"	"[{""sku"":""WIDGET-327"",""qty"":4,""price"":15801}]"	"{""method"":""bank_transfer"",""currency"":""JPY"",""amount"":63204,""status"":""settled""}"	desktop
C690527	2025-03-07T02:15:03Z	"{""email"":""park4375@example.jp"",""country"":""JP"",""phone"":""+81-90-6269-5794""}"	"[{""sku"":""WIDGET-326"",""qty"":2,""price"":12300}]"	"{""method"":""bank_transfer"",""currency"":""JPY"",""amount"":24600,""status"":""completed""}"	tablet
C691036	2025-03-07T10:45:38Z	"{""email"":""kim4331@example.jp"",""country"":""JP"",""phone"":""+81-90-6056-8369""}"	"[{""sku"":""WIDGET-341"",""qty"":5,""price"":3051}]"	"{""method"":""credit_card"",""currency"":""JPY"",""amount"":15255,""status"":""completed""}"	mobile
C689990	2025-03-07T08:15:16Z	"{""email"":""suzuki3471@example.jp"",""country"":""JP"",""phone"":""+81-90-4393-1859""}"	"[{""sku"":""WIDGET-333"",""qty"":3,""price"":15342}]"	"{""method"":""mobile_wallet"",""currency"":""JPY"",""amount"":46026,""status"":""settled""}"	mobile
C687377	2025-03-07T20:10:36Z	"{""email"":""park1691@example.jp"",""country"":""JP""}"	"[{""sku"":""WIDGET-285"",""qty"":4,""price"":5850}]"	"{""method"":""mobile_wallet"",""currency"":""JPY"",""amount"":23400,""status"":""pending""}"	desktop
C688776	2025-03-07T08:45:40Z	"{""email"":""park4153@example.jp"",""country"":""JP"",""phone"":""+81-90-9259-6446""}"	"[{""sku"":""WIDGET-379"",""qty"":3,""price"":26424}]"	"{""method"":""credit_card"",""currency"":""JPY"",""amount"":79272,""status"":""completed""}"	mobile
C696302	2025-03-07T00:55:56Z	"{""email"":""park9853@example.kr"",""country"":""KR"",""phone"":""+82-10-1758-2644""}"	"[{""sku"":""WIDGET-333"",""qty"":3,""price"":165471}]"	"{""method"":""credit_card"",""currency"":""KRW"",""amount"":496413,""status"":""settled""}"	desktop
C691476	2025-03-07T12:40:28Z	"{""email"":""park7322@example.jp"",""country"":""JP"",""phone"":""+81-90-9987-4350""}"	"[{""sku"":""WIDGET-252"",""qty"":4,""price"":24539}]"	"{""method"":""mobile_wallet"",""currency"":""JPY"",""amount"":98156,""status"":""settled""}"	desktop
C689856	2025-03-07T16:35:19Z	"{""email"":""yamada2196@example.kr"",""country"":""KR"",""phone"":""+82-10-3328-9761""}"	"[{""sku"":""WIDGET-217"",""qty"":3,""price"":176864}]"	"{""method"":""bank_transfer"",""currency"":""KRW"",""amount"":530592,""status"":""settled""}"	tablet
C689635	2025-03-07T15:40:01Z	"{""email"":""suzuki2420@example.jp"",""country"":""JP"",""phone"":""+81-90-5775-6702""}"	"[{""sku"":""WIDGET-157"",""qty"":2,""price"":17870}]"	"{""method"":""bank_transfer"",""currency"":""JPY"",""amount"":35740,""status"":""settled""}"	mobile
C690503	2025-03-07T17:50:29Z	"{""email"":""tanaka7465@example.jp"",""country"":""JP"",""phone"":""+81-90-3384-3784""}"	"[{""sku"":""WIDGET-314"",""qty"":2,""price"":20961}]"	"{""method"":""mobile_wallet"",""currency"":""JPY"",""amount"":41922,""status"":""settled""}"	mobile
C695210	2025-03-07T15:30:27Z	"{""email"":""lee2934@example.kr"",""country"":""KR"",""phone"":""+82-10-7797-2467""}"	"[{""sku"":""WIDGET-340"",""qty"":1,""price"":34815}]"	"{""method"":""bank_transfer"",""currency"":""KRW"",""amount"":34815,""status"":""settled""}"	tablet
C690755	2025-03-07T16:20:40Z	"{""email"":""kim6934@example.jp"",""country"":""JP"",""phone"":""+81-90-3708-6364""}"	"[{""sku"":""WIDGET-345"",""qty"":2,""price"":24350}]"	"{""method"":""bank_transfer"",""currency"":""JPY"",""amount"":48700,""status"":""settled""}"	mobile
C688131	2025-03-07T09:50:50Z	"{""email"":""yamada1343@example.kr"",""country"":""KR"",""phone"":""+82-10-2423-3074""}"	"[{""sku"":""WIDGET-132"",""qty"":3,""price"":153460}]"	"{""method"":""mobile_wallet"",""currency"":""KRW"",""amount"":460380,""status"":""settled""}"	desktop
C692850	2025-03-07T14:40:42Z	"{""email"":""lee9170@example.kr"",""country"":""KR"",""phone"":""+82-10-9178-2795""}"	"[{""sku"":""WIDGET-271"",""qty"":3,""price"":139452}]"	"{""method"":""bank_transfer"",""currency"":""KRW"",""amount"":418356,""status"":""settled""}"	desktop
C687606	2025-03-07T12:10:08Z	"{""email"":""yamada588@example.jp"",""country"":""JP"",""phone"":""+81-90-8625-9342""}"	"[{""sku"":""WIDGET-175"",""qty"":5,""price"":11275}]"	"{""method"":""credit_card"",""currency"":""JPY"",""amount"":56375,""status"":""settled""}"	mobile
C691028	2025-03-07T03:25:52Z	"{""email"":""tanaka381@example.jp"",""country"":""JP"",""phone"":""+81-90-3724-1972""}"	"[{""sku"":""WIDGET-168"",""qty"":1,""price"":19530}]"	"{""method"":""mobile_wallet"",""currency"":""JPY"",""amount"":19530,""status"":""settled""}"	mobile
C686702	2025-03-07T06:10:26Z	"{""email"":""yamada6181@example.jp"",""country"":""JP"",""phone"":""+81-90-7927-3664""}"	"[{""sku"":""WIDGET-333"",""qty"":5,""price"":8932}]"	"{""method"":""bank_transfer"",""currency"":""JPY"",""amount"":44660,""status"":""pending""}"	mobile
C691556	2025-03-07T16:10:20Z	"{""email"":""suzuki9341@example.kr"",""country"":""KR"",""phone"":""+82-10-1982-1384""}"	"[{""sku"":""WIDGET-352"",""qty"":4,""price"":31717}]"	"{""method"":""bank_transfer"",""currency"":""KRW"",""amount"":126868,""status"":""settled""}"	mobile
C690173	2025-03-07T09:10:24Z	"{""email"":""yamada7516@example.kr"",""country"":""KR"",""phone"":""+82-10-1316-7677""}"	"[{""sku"":""WIDGET-107"",""qty"":5,""price"":61486}]"	"{""method"":""bank_transfer"",""currency"":""KRW"",""amount"":307430,""status"":""settled""}"	tablet
C688741	2025-03-07T04:25:10Z	"{""email"":""yamada1174@example.kr"",""country"":""KR"",""phone"":""+82-10-7873-6890""}"	"[{""sku"":""WIDGET-318"",""qty"":4,""price"":247546}]"	"{""method"":""credit_card"",""currency"":""KRW"",""amount"":990184,""status"":""completed""}"	tablet
C691553	2025-03-07T05:35:11Z	"{""email"":""lee2586@example.jp"",""country"":""JP"",""phone"":""+81-90-1192-3926""}"	"[{""sku"":""WIDGET-115"",""qty"":1,""price"":27879}]"	"{""method"":""bank_transfer"",""currency"":""JPY"",""amount"":27879,""status"":""settled""}"	mobile
C689583	2025-03-07T05:55:50Z	"{""email"":""kim9790@example.kr"",""country"":""KR"",""phone"":""+82-10-3375-6287""}"	"[{""sku"":""WIDGET-295"",""qty"":1,""price"":28196}]"	"{""method"":""credit_card"",""currency"":""KRW"",""amount"":28196,""status"":""settled""}"	desktop
C692733	2025-03-07T00:20:13Z	"{""email"":""suzuki8892@example.kr"",""country"":""KR"",""phone"":""+82-10-2504-5966""}"	"[{""sku"":""WIDGET-113"",""qty"":1,""price"":115072}]"	"{""method"":""bank_transfer"",""currency"":""KRW"",""amount"":115072,""status"":""settled""}"	mobile
C688799	2025-03-07T03:25:35Z	"{""email"":""park8280@example.kr"",""country"":""KR"",""phone"":""+82-10-6554-1208""}"	"[{""sku"":""WIDGET-132"",""qty"":3,""price"":31853}]"	"{""method"":""mobile_wallet"",""currency"":""KRW"",""amount"":95559,""status"":""settled""}"	mobile
C696850	2025-03-07T10:00:25Z	"{""email"":""suzuki5316@example.kr"",""country"":""KR"",""phone"":""+82-10-7032-6133""}"	"[{""sku"":""WIDGET-287"",""qty"":4,""price"":241221}]"	"{""method"":""credit_card"",""currency"":""KRW"",""amount"":964884,""status"":""pending""}"	mobile
C688676	2025-03-07T20:00:56Z	"{""email"":""park1392@example.jp"",""country"":""JP"",""phone"":""+81-90-9027-3412""}"	"[{""sku"":""WIDGET-193"",""qty"":1,""price"":16480}]"	"{""method"":""bank_transfer"",""currency"":""JPY"",""amount"":16480,""status"":""settled""}"	desktop
C688772	2025-03-07T21:35:49Z	"{""email"":""suzuki5211@example.kr"",""country"":""KR"",""phone"":""+82-10-5255-3491""}"	"[{""sku"":""WIDGET-185"",""qty"":4,""price"":165416}]"	"{""method"":""bank_transfer"",""currency"":""KRW"",""amount"":661664,""status"":""settled""}"	tablet
C695737	2025-03-07T07:35:04Z	"{""email"":""lee776@example.jp"",""country"":""JP"",""phone"":""+81-90-2784-6225""}"	"[{""sku"":""WIDGET-167"",""qty"":2,""price"":2648}]"	"{""method"":""bank_transfer"",""currency"":""JPY"",""amount"":5296,""status"":""settled""}"	desktop
C687004	2025-03-07T08:20:38Z	"{""email"":""park9584@example.jp"",""country"":""JP""}"	"[{""sku"":""WIDGET-355"",""qty"":3,""price"":14865}]"	"{""method"":""mobile_wallet"",""currency"":""JPY"",""amount"":44595,""status"":""settled""}"	mobile
C687615	2025-03-07T02:55:58Z	"{""email"":""park5275@example.jp"",""country"":""JP"",""phone"":""+81-90-4673-5369""}"	"[{""sku"":""WIDGET-170"",""qty"":2,""price"":27983}]"	"{""method"":""mobile_wallet"",""currency"":""JPY"",""amount"":55966,""status"":""settled""}"	mobile
C695759	2025-03-07T04:35:07Z	"{""email"":""lee841@example.kr"",""country"":""KR"",""phone"":""+82-10-3828-4106""}"	"[{""sku"":""WIDGET-152"",""qty"":1,""price"":222052}]"	"{""method"":""bank_transfer"",""currency"":""KRW"",""amount"":222052,""status"":""settled""}"	tablet
C690953	2025-03-07T02:25:04Z	"{""email"":""kim5647@example.jp"",""country"":""JP"",""phone"":""+81-90-8348-2008""}"	"[{""sku"":""WIDGET-200"",""qty"":3,""price"":10562}]"	"{""method"":""credit_card"",""currency"":""JPY"",""amount"":31686,""status"":""settled""}"	desktop
C690405	2025-03-07T18:50:28Z	"{""email"":""yamada8917@example.jp"",""country"":""JP"",""phone"":""+81-90-2895-3585""}"	"[{""sku"":""WIDGET-219"",""qty"":1,""price"":29087}]"	"{""method"":""bank_transfer"",""currency"":""JPY"",""amount"":29087,""status"":""settled""}"	desktop
C692939	2025-03-07T00:10:40Z	"{""email"":""suzuki4735@example.jp"",""country"":""JP"",""phone"":""+81-90-2045-1945""}"	"[{""sku"":""WIDGET-295"",""qty"":2,""price"":28029}]"	"{""method"":""credit_card"",""currency"":""JPY"",""amount"":56058,""status"":""completed""}"	tablet
C686773	2025-03-07T01:15:25Z	"{""email"":""yamada8845@example.jp"",""country"":""JP"",""phone"":""+81-90-9548-3765""}"	"[{""sku"":""WIDGET-346"",""qty"":2,""price"":14080}]"	"{""method"":""mobile_wallet"",""currency"":""JPY"",""amount"":28160,""status"":""settled""}"	mobile
C691999	2025-03-07T09:20:25Z	"{""email"":""park9541@example.jp"",""country"":""JP""}"	"[{""sku"":""WIDGET-105"",""qty"":4,""price"":4776}]"	"{""method"":""bank_transfer"",""currency"":""JPY"",""amount"":19104,""status"":""settled""}"	mobile
C695850	2025-03-07T08:40:41Z	"{""email"":""lee8895@example.kr"",""country"":""KR"",""phone"":""+82-10-2283-5130""}"	"[{""sku"":""WIDGET-182"",""qty"":3,""price"":260450}]"	"{""method"":""mobile_wallet"",""currency"":""KRW"",""amount"":781350,""status"":""settled""}"	desktop
C691073	2025-03-07T00:25:51Z	"{""email"":""park9265@example.kr"",""country"":""KR"",""phone"":""+82-10-4117-4671""}"	"[{""sku"":""WIDGET-335"",""qty"":5,""price"":131959}]"	"{""method"":""mobile_wallet"",""currency"":""KRW"",""amount"":659795,""status"":""settled""}"	tablet
C694510	2025-03-07T05:35:34Z	"{""email"":""park8563@example.jp"",""country"":""JP"",""phone"":""+81-90-7049-8988""}"	"[{""sku"":""WIDGET-131"",""qty"":1,""price"":15778}]"	"{""method"":""credit_card"",""currency"":""JPY"",""amount"":15778,""status"":""completed""}"	mobile
C688670	2025-03-07T04:00:09Z	"{""email"":""suzuki8500@example.jp"",""country"":""JP"",""phone"":""+81-90-5263-6401""}"	"[{""sku"":""WIDGET-120"",""qty"":3,""price"":29173}]"	"{""method"":""mobile_wallet"",""currency"":""JPY"",""amount"":87519,""status"":""settled""}"	mobile
C693910	2025-03-07T16:55:59Z	"{""email"":""suzuki5988@example.kr"",""country"":""KR"",""phone"":""+82-10-8624-4940""}"	"[{""sku"":""WIDGET-348"",""qty"":2,""price"":142953}]"	"{""method"":""bank_transfer"",""currency"":""KRW"",""amount"":285906,""status"":""completed""}"	desktop
C686846	2025-03-07T18:00:53Z	"{""email"":""tanaka2252@example.kr"",""country"":""KR"",""phone"":""+82-10-8834-2647""}"	"[{""sku"":""WIDGET-300"",""qty"":4,""price"":20999}]"	"{""method"":""mobile_wallet"",""currency"":""KRW"",""amount"":83996,""status"":""completed""}"	mobile
C687488	2025-03-07T20:00:32Z	"{""email"":""lee2902@example.kr"",""country"":""KR"",""phone"":""+82-10-6809-2690""}"	"[{""sku"":""WIDGET-201"",""qty"":5,""price"":86187}]"	"{""method"":""credit_card"",""currency"":""KRW"",""amount"":430935,""status"":""pending""}"	tablet
C690166	2025-03-07T13:05:53Z	"{""email"":""yamada131@example.kr"",""country"":""KR"",""phone"":""+82-10-4690-1673""}"	"[{""sku"":""WIDGET-210"",""qty"":4,""price"":234457}]"	"{""method"":""bank_transfer"",""currency"":""KRW"",""amount"":937828,""status"":""completed""}"	tablet
C696112	2025-03-07T01:30:52Z	"{""email"":""lee768@example.jp"",""country"":""JP"",""phone"":""+81-90-9598-1075""}"	"[{""sku"":""WIDGET-155"",""qty"":5,""price"":27079}]"	"{""method"":""bank_transfer"",""currency"":""JPY"",""amount"":135395,""status"":""pending""}"	desktop
C688391	2025-03-07T23:05:24Z	"{""email"":""kim2471@example.jp"",""country"":""JP"",""phone"":""+81-90-8346-9205""}"	"[{""sku"":""WIDGET-337"",""qty"":4,""price"":14443}]"	"{""method"":""mobile_wallet"",""currency"":""JPY"",""amount"":57772,""status"":""completed""}"	desktop
C690730	2025-03-07T11:15:17Z	"{""email"":""kim6673@example.kr"",""country"":""KR"",""phone"":""+82-10-6530-1180""}"	"[{""sku"":""WIDGET-173"",""qty"":4,""price"":115011}]"	"{""method"":""mobile_wallet"",""currency"":""KRW"",""amount"":460044,""status"":""settled""}"	mobile
C694515	2025-03-07T16:20:53Z	"{""email"":""yamada7890@example.jp"",""country"":""JP"",""phone"":""+81-90-5661-7494""}"	"[{""sku"":""WIDGET-227"",""qty"":4,""price"":25741}]"	"{""method"":""mobile_wallet"",""currency"":""JPY"",""amount"":102964,""status"":""completed""}"	desktop
C690391	2025-03-07T00:15:59Z	"{""email"":""tanaka4960@example.kr"",""country"":""KR"",""phone"":""+82-10-7908-6509""}"	"[{""sku"":""WIDGET-364"",""qty"":3,""price"":241306}]"	"{""method"":""mobile_wallet"",""currency"":""KRW"",""amount"":723918,""status"":""completed""}"	desktop
C694945	2025-03-07T04:25:20Z	"{""email"":""tanaka3956@example.kr"",""country"":""KR"",""phone"":""+82-10-1756-4773""}"	"[{""sku"":""WIDGET-348"",""qty"":3,""price"":135478}]"	"{""method"":""bank_transfer"",""currency"":""KRW"",""amount"":406434,""status"":""settled""}"	mobile
C693741	2025-03-07T13:35:44Z	"{""email"":""park8316@example.jp"",""country"":""JP"",""phone"":""+81-90-6031-8422""}"	"[{""sku"":""WIDGET-258"",""qty"":2,""price"":29079}]"	"{""method"":""bank_transfer"",""currency"":""JPY"",""amount"":58158,""status"":""settled""}"	desktop
C696586	2025-03-07T22:00:10Z	"{""email"":""park5805@example.kr"",""country"":""KR"",""phone"":""+82-10-6904-5197""}"	"[{""sku"":""WIDGET-221"",""qty"":1,""price"":237327}]"	"{""method"":""credit_card"",""currency"":""KRW"",""amount"":237327,""status"":""settled""}"	tablet
C689754	2025-03-07T02:35:42Z	"{""email"":""yamada3372@example.jp"",""country"":""JP"",""phone"":""+81-90-3933-2032""}"	"[{""sku"":""WIDGET-115"",""qty"":5,""price"":27752}]"	"{""method"":""mobile_wallet"",""currency"":""JPY"",""amount"":138760,""status"":""settled""}"	mobile
C688543	2025-03-07T07:15:07Z	"{""email"":""kim3776@example.jp"",""country"":""JP"",""phone"":""+81-90-4693-3559""}"	"[{""sku"":""WIDGET-301"",""qty"":1,""price"":12351}]"	"{""method"":""mobile_wallet"",""currency"":""JPY"",""amount"":12351,""status"":""settled""}"	desktop
C689213	2025-03-07T10:20:21Z	"{""email"":""suzuki2617@example.kr"",""country"":""KR"",""phone"":""+82-10-6037-7803""}"	"[{""sku"":""WIDGET-186"",""qty"":5,""price"":26074}]"	"{""method"":""bank_transfer"",""currency"":""KRW"",""amount"":130370,""status"":""settled""}"	desktop
C694526	2025-03-07T22:55:05Z	"{""email"":""park540@example.jp"",""country"":""JP"",""phone"":""+81-90-2363-9901""}"	"[{""sku"":""WIDGET-398"",""qty"":2,""price"":13087}]"	"{""method"":""mobile_wallet"",""currency"":""JPY"",""amount"":26174,""status"":""completed""}"	desktop
C690418	2025-03-07T18:10:58Z	"{""email"":""suzuki5638@example.jp"",""country"":""JP"",""phone"":""+81-90-6086-4812""}"	"[{""sku"":""WIDGET-358"",""qty"":3,""price"":5748}]"	"{""method"":""credit_card"",""currency"":""JPY"",""amount"":17244,""status"":""settled""}"	mobile
C694019	2025-03-07T16:55:37Z	"{""email"":""lee5069@example.kr"",""country"":""KR"",""phone"":""+82-10-9484-9385""}"	"[{""sku"":""WIDGET-315"",""qty"":1,""price"":126159}]"	"{""method"":""bank_transfer"",""currency"":""KRW"",""amount"":126159,""status"":""settled""}"	mobile
C693596	2025-03-07T08:55:17Z	"{""email"":""tanaka8285@example.kr"",""country"":""KR"",""phone"":""+82-10-1975-7199""}"	"[{""sku"":""WIDGET-314"",""qty"":3,""price"":39651}]"	"{""method"":""bank_transfer"",""currency"":""KRW"",""amount"":118953,""status"":""settled""}"	mobile
C695134	2025-03-07T04:20:39Z	"{""email"":""suzuki6529@example.kr"",""country"":""KR"",""phone"":""+82-10-2125-8179""}"	"[{""sku"":""WIDGET-279"",""qty"":4,""price"":108142}]"	"{""method"":""credit_card"",""currency"":""KRW"",""amount"":432568,""status"":""completed""}"	desktop
C690911	2025-03-07T07:10:30Z	"{""email"":""suzuki4639@example.jp"",""country"":""JP"",""phone"":""+81-90-4753-3533""}"	"[{""sku"":""WIDGET-397"",""qty"":3,""price"":18480}]"	"{""method"":""bank_transfer"",""currency"":""JPY"",""amount"":55440,""status"":""settled""}"	mobile
C689924	2025-03-07T09:30:13Z	"{""email"":""lee9@example.jp"",""country"":""JP"",""phone"":""+81-90-9401-9650""}"	"[{""sku"":""WIDGET-340"",""qty"":2,""price"":21638}]"	"{""method"":""bank_transfer"",""currency"":""JPY"",""amount"":43276,""status"":""settled""}"	mobile
C694146	2025-03-07T04:10:06Z	"{""email"":""yamada8852@example.kr"",""country"":""KR"",""phone"":""+82-10-5746-3882""}"	"[{""sku"":""WIDGET-137"",""qty"":2,""price"":107644}]"	"{""method"":""bank_transfer"",""currency"":""KRW"",""amount"":215288,""status"":""settled""}"	desktop
C694744	2025-03-07T03:10:22Z	"{""email"":""lee8842@example.jp"",""country"":""JP"",""phone"":""+81-90-5190-3714""}"	"[{""sku"":""WIDGET-303"",""qty"":2,""price"":5322}]"	"{""method"":""credit_card"",""currency"":""JPY"",""amount"":10644,""status"":""settled""}"	desktop
C692197	2025-03-07T11:35:09Z	"{""email"":""kim7505@example.jp"",""country"":""JP"",""phone"":""+81-90-6945-4131""}"	"[{""sku"":""WIDGET-269"",""qty"":5,""price"":4471}]"	"{""method"":""mobile_wallet"",""currency"":""JPY"",""amount"":22355,""status"":""settled""}"	mobile
C686824	2025-03-07T04:05:23Z	"{""email"":""tanaka9241@example.jp"",""country"":""JP"",""phone"":""+81-90-1263-4645""}"	"[{""sku"":""WIDGET-240"",""qty"":3,""price"":29488}]"	"{""method"":""mobile_wallet"",""currency"":""JPY"",""amount"":88464,""status"":""completed""}"	mobile
C693878	2025-03-07T01:15:00Z	"{""email"":""yamada6277@example.jp"",""country"":""JP"",""phone"":""+81-90-3354-3128""}"	"[{""sku"":""WIDGET-389"",""qty"":1,""price"":22483}]"	"{""method"":""bank_transfer"",""currency"":""JPY"",""amount"":22483,""status"":""settled""}"	mobile
C690650	2025-03-07T02:45:05Z	"{""email"":""yamada3720@example.jp"",""country"":""JP""}"	"[{""sku"":""WIDGET-147"",""qty"":4,""price"":18863}]"	"{""method"":""credit_card"",""currency"":""JPY"",""amount"":75452,""status"":""pending""}"	mobile
C693600	2025-03-07T22:45:49Z	"{""email"":""yamada5507@example.kr"",""country"":""KR"",""phone"":""+82-10-5709-4114""}"	"[{""sku"":""WIDGET-239"",""qty"":4,""price"":56621}]"	"{""method"":""mobile_wallet"",""currency"":""KRW"",""amount"":226484,""status"":""settled""}"	tablet
C687290	2025-03-07T01:40:49Z	"{""email"":""yamada8279@example.jp"",""country"":""JP"",""phone"":""+81-90-1532-1257""}"	"[{""sku"":""WIDGET-383"",""qty"":4,""price"":25230}]"	"{""method"":""credit_card"",""currency"":""JPY"",""amount"":100920,""status"":""settled""}"	desktop
C696574	2025-03-07T04:30:20Z	"{""email"":""kim5332@example.jp"",""country"":""JP"",""phone"":""+81-90-8384-9768""}"	"[{""sku"":""WIDGET-363"",""qty"":1,""price"":12544}]"	"{""method"":""mobile_wallet"",""currency"":""JPY"",""amount"":12544,""status"":""completed""}"	tablet
C691937	2025-03-07T00:40:46Z	"{""email"":""tanaka4971@example.jp"",""country"":""JP"",""phone"":""+81-90-4974-6011""}"	"[{""sku"":""WIDGET-354"",""qty"":2,""price"":8066}]"	"{""method"":""mobile_wallet"",""currency"":""JPY"",""amount"":16132,""status"":""completed""}"	desktop
C689552	2025-03-07T23:25:06Z	"{""email"":""kim4142@example.jp"",""country"":""JP"",""phone"":""+81-90-3658-8472""}"	"[{""sku"":""WIDGET-331"",""qty"":2,""price"":27115}]"	"{""method"":""mobile_wallet"",""currency"":""JPY"",""amount"":54230,""status"":""pending""}"	mobile
C686796	2025-03-07T00:25:35Z	"{""email"":""park5594@example.kr"",""country"":""KR"",""phone"":""+82-10-1301-8676""}"	"[{""sku"":""WIDGET-367"",""qty"":2,""price"":10780}]"	"{""method"":""credit_card"",""currency"":""KRW"",""amount"":21560,""status"":""settled""}"	desktop
C696931	2025-03-07T01:30:54Z	"{""email"":""kim5573@example.kr"",""country"":""KR"",""phone"":""+82-10-4395-4255""}"	"[{""sku"":""WIDGET-300"",""qty"":3,""price"":100218}]"	"{""method"":""bank_transfer"",""currency"":""KRW"",""amount"":300654,""status"":""settled""}"	desktop
C695181	2025-03-07T20:30:07Z	"{""email"":""lee1209@example.kr"",""country"":""KR"",""phone"":""+82-10-9074-6029""}"	"[{""sku"":""WIDGET-277"",""qty"":1,""price"":183504}]"	"{""method"":""bank_transfer"",""currency"":""KRW"",""amount"":183504,""status"":""settled""}"	mobile
C689748	2025-03-07T01:25:33Z	"{""email"":""lee4764@example.jp"",""country"":""JP"",""phone"":""+81-90-6855-2587""}"	"[{""sku"":""WIDGET-229"",""qty"":5,""price"":22830}]"	"{""method"":""mobile_wallet"",""currency"":""JPY"",""amount"":114150,""status"":""completed""}"	tablet
C695706	2025-03-07T22:20:07Z	"{""email"":""tanaka4143@example.jp"",""country"":""JP"",""phone"":""+81-90-4076-8398""}"	"[{""sku"":""WIDGET-198"",""qty"":3,""price"":4296}]"	"{""method"":""bank_transfer"",""currency"":""JPY"",""amount"":12888,""status"":""settled""}"	tablet
C689605	2025-03-07T05:20:47Z	"{""email"":""tanaka7553@example.kr"",""country"":""KR"",""phone"":""+82-10-3281-5924""}"	"[{""sku"":""WIDGET-249"",""qty"":5,""price"":12707}]"	"{""method"":""credit_card"",""currency"":""KRW"",""amount"":63535,""status"":""settled""}"	tablet
C694500	2025-03-07T07:40:48Z	"{""email"":""kim813@example.kr"",""country"":""KR"",""phone"":""+82-10-3319-7212""}"	"[{""sku"":""WIDGET-238"",""qty"":3,""price"":227996}]"	"{""method"":""mobile_wallet"",""currency"":""KRW"",""amount"":683988,""status"":""pending""}"	desktop
C691115	2025-03-07T23:25:54Z	"{""email"":""yamada2405@example.kr"",""country"":""KR"",""phone"":""+82-10-6262-2488""}"	"[{""sku"":""WIDGET-343"",""qty"":2,""price"":176652}]"	"{""method"":""mobile_wallet"",""currency"":""KRW"",""amount"":353304,""status"":""settled""}"	mobile
C692805	2025-03-07T17:45:10Z	"{""email"":""lee8894@example.kr"",""country"":""KR"",""phone"":""+82-10-5037-6242""}"	"[{""sku"":""WIDGET-272"",""qty"":5,""price"":110292}]"	"{""method"":""bank_transfer"",""currency"":""KRW"",""amount"":551460,""status"":""settled""}"	desktop
C691836	2025-03-07T02:40:31Z	"{""email"":""kim1113@example.jp"",""country"":""JP"",""phone"":""+81-90-5850-4012""}"	"[{""sku"":""WIDGET-114"",""qty"":2,""price"":15408}]"	"{""method"":""mobile_wallet"",""currency"":""JPY"",""amount"":30816,""status"":""settled""}"	mobile
C695846	2025-03-07T07:50:52Z	"{""email"":""park7956@example.jp"",""country"":""JP"",""phone"":""+81-90-4896-2509""}"	"[{""sku"":""WIDGET-274"",""qty"":5,""price"":12288}]"	"{""method"":""mobile_wallet"",""currency"":""JPY"",""amount"":61440,""status"":""settled""}"	mobile
C688004	2025-03-07T19:15:44Z	"{""email"":""lee1027@example.kr"",""country"":""KR"",""phone"":""+82-10-4689-4824""}"	"[{""sku"":""WIDGET-325"",""qty"":5,""price"":235722}]"	"{""method"":""mobile_wallet"",""currency"":""KRW"",""amount"":1178610,""status"":""settled""}"	mobile
C696088	2025-03-07T12:10:29Z	"{""email"":""park9559@example.jp"",""country"":""JP"",""phone"":""+81-90-8559-5274""}"	"[{""sku"":""WIDGET-298"",""qty"":2,""price"":24498}]"	"{""method"":""bank_transfer"",""currency"":""JPY"",""amount"":48996,""status"":""settled""}"	desktop
C696665	2025-03-07T10:00:06Z	"{""email"":""suzuki5411@example.jp"",""country"":""JP"",""phone"":""+81-90-2761-9427""}"	"[{""sku"":""WIDGET-115"",""qty"":1,""price"":2592}]"	"{""method"":""bank_transfer"",""currency"":""JPY"",""amount"":2592,""status"":""settled""}"	mobile
C689124	2025-03-07T03:20:57Z	"{""email"":""tanaka3290@example.jp"",""country"":""JP"",""phone"":""+81-90-4282-7279""}"	"[{""sku"":""WIDGET-353"",""qty"":5,""price"":6085}]"	"{""method"":""bank_transfer"",""currency"":""JPY"",""amount"":30425,""status"":""completed""}"	tablet
C691554	2025-03-07T00:45:21Z	"{""email"":""lee9797@example.kr"",""country"":""KR"",""phone"":""+82-10-4999-1324""}"	"[{""sku"":""WIDGET-233"",""qty"":5,""price"":148291}]"	"{""method"":""mobile_wallet"",""currency"":""KRW"",""amount"":741455,""status"":""completed""}"	mobile
C687084	2025-03-07T21:55:28Z	"{""email"":""suzuki4658@example.kr"",""country"":""KR"",""phone"":""+82-10-3460-2246""}"	"[{""sku"":""WIDGET-197"",""qty"":2,""price"":214492}]"	"{""method"":""bank_transfer"",""currency"":""KRW"",""amount"":428984,""status"":""pending""}"	desktop
C687267	2025-03-07T01:00:21Z	"{""email"":""lee9532@example.kr"",""country"":""KR"",""phone"":""+82-10-8257-1808""}"	"[{""sku"":""WIDGET-228"",""qty"":2,""price"":188693}]"	"{""method"":""bank_transfer"",""currency"":""KRW"",""amount"":377386,""status"":""settled""}"	desktop
C689167	2025-03-07T06:40:28Z	"{""email"":""kim7241@example.jp"",""country"":""JP"",""phone"":""+81-90-3563-7294""}"	"[{""sku"":""WIDGET-322"",""qty"":5,""price"":17085}]"	"{""method"":""bank_transfer"",""currency"":""JPY"",""amount"":85425,""status"":""settled""}"	mobile
C687148	2025-03-07T00:30:05Z	"{""email"":""yamada4827@example.kr"",""country"":""KR"",""phone"":""+82-10-9215-5099""}"	"[{""sku"":""WIDGET-309"",""qty"":4,""price"":147230}]"	"{""method"":""credit_card"",""currency"":""KRW"",""amount"":588920,""status"":""settled""}"	tablet
C689434	2025-03-07T15:55:53Z	"{""email"":""suzuki7645@example.jp"",""country"":""JP"",""phone"":""+81-90-7697-8382""}"	"[{""sku"":""WIDGET-289"",""qty"":3,""price"":2423}]"	"{""method"":""bank_transfer"",""currency"":""JPY"",""amount"":7269,""status"":""settled""}"	mobile
C692740	2025-03-07T15:10:49Z	"{""email"":""kim3373@example.kr"",""country"":""KR"",""phone"":""+82-10-4169-9152""}"	"[{""sku"":""WIDGET-236"",""qty"":4,""price"":180951}]"	"{""method"":""credit_card"",""currency"":""KRW"",""amount"":723804,""status"":""settled""}"	tablet
C687114	2025-03-07T06:35:21Z	"{""email"":""park8579@example.kr"",""country"":""KR"",""phone"":""+82-10-9521-9572""}"	"[{""sku"":""WIDGET-218"",""qty"":5,""price"":195674}]"	"{""method"":""credit_card"",""currency"":""KRW"",""amount"":978370,""status"":""pending""}"	mobile
C691017	2025-03-07T17:00:16Z	"{""email"":""tanaka3666@example.kr"",""country"":""KR"",""phone"":""+82-10-2658-4842""}"	"[{""sku"":""WIDGET-240"",""qty"":1,""price"":64781}]"	"{""method"":""mobile_wallet"",""currency"":""KRW"",""amount"":64781,""status"":""completed""}"	mobile
C693743	2025-03-07T09:30:09Z	"{""email"":""lee332@example.jp"",""country"":""JP"",""phone"":""+81-90-9164-1509""}"	"[{""sku"":""WIDGET-192"",""qty"":2,""price"":11613}]"	"{""method"":""credit_card"",""currency"":""JPY"",""amount"":23226,""status"":""settled""}"	tablet
C693136	2025-03-07T08:25:22Z	"{""email"":""lee2566@example.kr"",""country"":""KR"",""phone"":""+82-10-7676-6286""}"	"[{""sku"":""WIDGET-200"",""qty"":2,""price"":71815}]"	"{""method"":""credit_card"",""currency"":""KRW"",""amount"":143630,""status"":""settled""}"	tablet
C695364	2025-03-07T10:55:05Z	"{""email"":""park3124@example.kr"",""country"":""KR"",""phone"":""+82-10-8213-3038""}"	"[{""sku"":""WIDGET-227"",""qty"":1,""price"":21285}]"	"{""method"":""credit_card"",""currency"":""KRW"",""amount"":21285,""status"":""settled""}"	desktop
C690144	2025-03-07T16:55:08Z	"{""email"":""park3465@example.kr"",""country"":""KR"",""phone"":""+82-10-5545-1612""}"	"[{""sku"":""WIDGET-142"",""qty"":2,""price"":133816}]"	"{""method"":""mobile_wallet"",""currency"":""KRW"",""amount"":267632,""status"":""settled""}"	tablet
C692202	2025-03-07T09:10:01Z	"{""email"":""kim1362@example.kr"",""country"":""KR"",""phone"":""+82-10-9636-4253""}"	"[{""sku"":""WIDGET-397"",""qty"":1,""price"":62420}]"	"{""method"":""mobile_wallet"",""currency"":""KRW"",""amount"":62420,""status"":""settled""}"	desktop
C695840	2025-03-07T12:40:27Z	"{""email"":""kim1105@example.jp"",""country"":""JP"",""phone"":""+81-90-6571-3904""}"	"[{""sku"":""WIDGET-271"",""qty"":2,""price"":2011}]"	"{""method"":""credit_card"",""currency"":""JPY"",""amount"":4022,""status"":""settled""}"	mobile
C691415	2025-03-07T16:35:22Z	"{""email"":""park3835@example.kr"",""country"":""KR"",""phone"":""+82-10-5050-5541""}"	"[{""sku"":""WIDGET-207"",""qty"":5,""price"":198334}]"	"{""method"":""bank_transfer"",""currency"":""KRW"",""amount"":991670,""status"":""settled""}"	desktop
C688874	2025-03-07T16:10:41Z	"{""email"":""kim1648@example.jp"",""country"":""JP"",""phone"":""+81-90-6358-9983""}"	"[{""sku"":""WIDGET-313"",""qty"":1,""price"":27955}]"	"{""method"":""bank_transfer"",""currency"":""JPY"",""amount"":27955,""status"":""settled""}"	desktop
C690610	2025-03-07T16:05:04Z	"{""email"":""yamada4208@example.jp"",""country"":""JP"",""phone"":""+81-90-3306-8546""}"	"[{""sku"":""WIDGET-199"",""qty"":4,""price"":2286}]"	"{""method"":""credit_card"",""currency"":""JPY"",""amount"":9144,""status"":""pending""}"	tablet
C691070	2025-03-07T22:55:11Z	"{""email"":""lee4518@example.jp"",""country"":""JP"",""phone"":""+81-90-3230-7426""}"	"[{""sku"":""WIDGET-170"",""qty"":3,""price"":15958}]"	"{""method"":""mobile_wallet"",""currency"":""JPY"",""amount"":47874,""status"":""settled""}"	tablet
C695668	2025-03-07T19:10:36Z	"{""email"":""kim4897@example.jp"",""country"":""JP"",""phone"":""+81-90-5224-5569""}"	"[{""sku"":""WIDGET-137"",""qty"":5,""price"":18158}]"	"{""method"":""bank_transfer"",""currency"":""JPY"",""amount"":90790,""status"":""completed""}"	desktop
C693395	2025-03-07T20:55:01Z	"{""email"":""lee8079@example.kr"",""country"":""KR"",""phone"":""+82-10-9380-3754""}"	"[{""sku"":""WIDGET-117"",""qty"":1,""price"":133741}]"	"{""method"":""mobile_wallet"",""currency"":""KRW"",""amount"":133741,""status"":""settled""}"	desktop
C694802	2025-03-07T11:45:49Z	"{""email"":""yamada9689@example.jp"",""country"":""JP"",""phone"":""+81-90-3212-2846""}"	"[{""sku"":""WIDGET-262"",""qty"":1,""price"":24454}]"	"{""method"":""mobile_wallet"",""currency"":""JPY"",""amount"":24454,""status"":""settled""}"	tablet
C688403	2025-03-07T04:45:38Z	"{""email"":""tanaka9498@example.kr"",""country"":""KR""}"	"[{""sku"":""WIDGET-261"",""qty"":5,""price"":97116}]"	"{""method"":""mobile_wallet"",""currency"":""KRW"",""amount"":485580,""status"":""settled""}"	mobile
C689854	2025-03-07T07:00:13Z	"{""email"":""tanaka352@example.jp"",""country"":""JP"",""phone"":""+81-90-4645-6194""}"	"[{""sku"":""WIDGET-111"",""qty"":5,""price"":17656}]"	"{""method"":""credit_card"",""currency"":""JPY"",""amount"":88280,""status"":""completed""}"	desktop
C696849	2025-03-07T11:30:04Z	"{""email"":""lee2167@example.kr"",""country"":""KR"",""phone"":""+82-10-6601-8287""}"	"[{""sku"":""WIDGET-144"",""qty"":1,""price"":123386}]"	"{""method"":""mobile_wallet"",""currency"":""KRW"",""amount"":123386,""status"":""completed""}"	desktop
C687840	2025-03-07T15:45:32Z	"{""email"":""lee626@example.kr"",""country"":""KR"",""phone"":""+82-10-2892-6216""}"	"[{""sku"":""WIDGET-379"",""qty"":1,""price"":81465}]"	"{""method"":""credit_card"",""currency"":""KRW"",""amount"":81465,""status"":""settled""}"	mobile
C693239	2025-03-07T07:00:03Z	"{""email"":""yamada5430@example.jp"",""country"":""JP"",""phone"":""+81-90-2666-4914""}"	"[{""sku"":""WIDGET-127"",""qty"":2,""price"":14182}]"	"{""method"":""mobile_wallet"",""currency"":""JPY"",""amount"":28364,""status"":""settled""}"	tablet
C694993	2025-03-07T03:15:56Z	"{""email"":""yamada3357@example.jp"",""country"":""JP"",""phone"":""+81-90-1760-8216""}"	"[{""sku"":""WIDGET-160"",""qty"":3,""price"":9458}]"	"{""method"":""mobile_wallet"",""currency"":""JPY"",""amount"":28374,""status"":""completed""}"	mobile
C694400	2025-03-07T19:25:14Z	"{""email"":""kim3934@example.jp"",""country"":""JP"",""phone"":""+81-90-1029-4444""}"	"[{""sku"":""WIDGET-217"",""qty"":1,""price"":6203}]"	"{""method"":""mobile_wallet"",""currency"":""JPY"",""amount"":6203,""status"":""completed""}"	desktop
C689211	2025-03-07T12:50:44Z	"{""email"":""kim8269@example.jp"",""country"":""JP"",""phone"":""+81-90-4460-1681""}"	"[{""sku"":""WIDGET-277"",""qty"":2,""price"":12230}]"	"{""method"":""mobile_wallet"",""currency"":""JPY"",""amount"":24460,""status"":""settled""}"	tablet
C689753	2025-03-07T02:25:36Z	"{""email"":""kim4382@example.jp"",""country"":""JP"",""phone"":""+81-90-1261-3524""}"	"[{""sku"":""WIDGET-186"",""qty"":2,""price"":27990}]"	"{""method"":""bank_transfer"",""currency"":""JPY"",""amount"":55980,""status"":""completed""}"	desktop
C689417	2025-03-07T01:45:02Z	"{""email"":""park2974@example.jp"",""country"":""JP"",""phone"":""+81-90-3112-5135""}"	"[{""sku"":""WIDGET-375"",""qty"":2,""price"":16278}]"	"{""method"":""credit_card"",""currency"":""JPY"",""amount"":32556,""status"":""settled""}"	mobile
C688447	2025-03-07T14:15:16Z	"{""email"":""yamada8714@example.jp"",""country"":""JP"",""phone"":""+81-90-2945-9747""}"	"[{""sku"":""WIDGET-356"",""qty"":1,""price"":10400}]"	"{""method"":""bank_transfer"",""currency"":""JPY"",""amount"":10400,""status"":""settled""}"	mobile
C694668	2025-03-07T07:20:23Z	"{""email"":""suzuki6938@example.jp"",""country"":""JP"",""phone"":""+81-90-1535-5485""}"	"[{""sku"":""WIDGET-234"",""qty"":1,""price"":29389}]"	"{""method"":""credit_card"",""currency"":""JPY"",""amount"":29389,""status"":""settled""}"	tablet
C688725	2025-03-07T20:30:02Z	"{""email"":""lee9325@example.jp"",""country"":""JP"",""phone"":""+81-90-2738-3813""}"	"[{""sku"":""WIDGET-322"",""qty"":4,""price"":26103}]"	"{""method"":""credit_card"",""currency"":""JPY"",""amount"":104412,""status"":""completed""}"	mobile
C694154	2025-03-07T01:45:12Z	"{""email"":""lee2450@example.kr"",""country"":""KR"",""phone"":""+82-10-3542-5874""}"	"[{""sku"":""WIDGET-302"",""qty"":5,""price"":171612}]"	"{""method"":""mobile_wallet"",""currency"":""KRW"",""amount"":858060,""status"":""settled""}"	tablet
C689085	2025-03-07T04:20:34Z	"{""email"":""lee11@example.jp"",""country"":""JP"",""phone"":""+81-90-6950-8049""}"	"[{""sku"":""WIDGET-230"",""qty"":4,""price"":25014}]"	"{""method"":""bank_transfer"",""currency"":""JPY"",""amount"":100056,""status"":""settled""}"	desktop
C695885	2025-03-07T09:50:27Z	"{""email"":""suzuki8642@example.kr"",""country"":""KR"",""phone"":""+82-10-4009-9340""}"	"[{""sku"":""WIDGET-234"",""qty"":2,""price"":255770}]"	"{""method"":""credit_card"",""currency"":""KRW"",""amount"":511540,""status"":""completed""}"	desktop
C687155	2025-03-07T15:30:45Z	"{""email"":""lee3909@example.kr"",""country"":""KR"",""phone"":""+82-10-9741-2355""}"	"[{""sku"":""WIDGET-356"",""qty"":5,""price"":127200}]"	"{""method"":""mobile_wallet"",""currency"":""KRW"",""amount"":636000,""status"":""settled""}"	mobile
C694032	2025-03-07T10:30:22Z	"{""email"":""suzuki3427@example.jp"",""country"":""JP"",""phone"":""+81-90-8626-2832""}"	"[{""sku"":""WIDGET-178"",""qty"":1,""price"":23008}]"	"{""method"":""mobile_wallet"",""currency"":""JPY"",""amount"":23008,""status"":""completed""}"	mobile
C694361	2025-03-07T21:55:20Z	"{""email"":""kim521@example.jp"",""country"":""JP"",""phone"":""+81-90-7855-7886""}"	"[{""sku"":""WIDGET-348"",""qty"":2,""price"":6332}]"	"{""method"":""credit_card"",""currency"":""JPY"",""amount"":12664,""status"":""completed""}"	desktop
C686510	2025-03-07T03:00:55Z	"{""email"":""yamada8314@example.jp"",""country"":""JP"",""phone"":""+81-90-1526-6058""}"	"[{""sku"":""WIDGET-165"",""qty"":5,""price"":6296}]"	"{""method"":""mobile_wallet"",""currency"":""JPY"",""amount"":31480,""status"":""settled""}"	mobile
C692295	2025-03-07T17:35:30Z	"{""email"":""kim8258@example.jp"",""country"":""JP"",""phone"":""+81-90-6690-6913""}"	"[{""sku"":""WIDGET-206"",""qty"":5,""price"":4694}]"	"{""method"":""bank_transfer"",""currency"":""JPY"",""amount"":23470,""status"":""settled""}"	tablet
C687752	2025-03-07T03:10:57Z	"{""email"":""yamada8652@example.kr"",""country"":""KR"",""phone"":""+82-10-6392-7935""}"	"[{""sku"":""WIDGET-217"",""qty"":2,""price"":41344}]"	"{""method"":""mobile_wallet"",""currency"":""KRW"",""amount"":82688,""status"":""completed""}"	desktop
C696261	2025-03-07T17:10:21Z	"{""email"":""kim1691@example.jp"",""country"":""JP"",""phone"":""+81-90-5818-3905""}"	"[{""sku"":""WIDGET-170"",""qty"":2,""price"":5075}]"	"{""method"":""bank_transfer"",""currency"":""JPY"",""amount"":10150,""status"":""settled""}"	mobile
C687915	2025-03-07T12:15:56Z	"{""email"":""suzuki7840@example.kr"",""country"":""KR"",""phone"":""+82-10-4008-6348""}"	"[{""sku"":""WIDGET-282"",""qty"":2,""price"":216337}]"	"{""method"":""mobile_wallet"",""currency"":""KRW"",""amount"":432674,""status"":""settled""}"	tablet
C693321	2025-03-07T01:25:21Z	"{""email"":""kim713@example.kr"",""country"":""KR"",""phone"":""+82-10-1896-3675""}"	"[{""sku"":""WIDGET-239"",""qty"":2,""price"":149753}]"	"{""method"":""credit_card"",""currency"":""KRW"",""amount"":299506,""status"":""pending""}"	tablet
C686758	2025-03-07T07:10:50Z	"{""email"":""lee9581@example.kr"",""country"":""KR"",""phone"":""+82-10-3735-3923""}"	"[{""sku"":""WIDGET-382"",""qty"":5,""price"":33687}]"	"{""method"":""mobile_wallet"",""currency"":""KRW"",""amount"":168435,""status"":""settled""}"	desktop
C693772	2025-03-07T12:50:45Z	"{""email"":""suzuki161@example.kr"",""country"":""KR"",""phone"":""+82-10-4576-5385""}"	"[{""sku"":""WIDGET-164"",""qty"":4,""price"":109297}]"	"{""method"":""bank_transfer"",""currency"":""KRW"",""amount"":437188,""status"":""completed""}"	desktop
C696323	2025-03-07T08:50:15Z	"{""email"":""suzuki8804@example.kr"",""country"":""KR"",""phone"":""+82-10-1549-6512""}"	"[{""sku"":""WIDGET-159"",""qty"":4,""price"":105278}]"	"{""method"":""bank_transfer"",""currency"":""KRW"",""amount"":421112,""status"":""settled""}"	tablet
C688879	2025-03-07T06:40:14Z	"{""email"":""park8974@example.kr"",""country"":""KR"",""phone"":""+82-10-3082-6421""}"	"[{""sku"":""WIDGET-180"",""qty"":2,""price"":165847}]"	"{""method"":""bank_transfer"",""currency"":""KRW"",""amount"":331694,""status"":""settled""}"	mobile
C690579	2025-03-07T23:45:55Z	"{""email"":""park6977@example.jp"",""country"":""JP"",""phone"":""+81-90-2498-7251""}"	"[{""sku"":""WIDGET-153"",""qty"":3,""price"":1464}]"	"{""method"":""credit_card"",""currency"":""JPY"",""amount"":4392,""status"":""settled""}"	mobile
C688836	2025-03-07T02:50:24Z	"{""email"":""kim4254@example.kr"",""country"":""KR"",""phone"":""+82-10-3298-5534""}"	"[{""sku"":""WIDGET-358"",""qty"":5,""price"":109416}]"	"{""method"":""credit_card"",""currency"":""KRW"",""amount"":547080,""status"":""settled""}"	desktop
C694699	2025-03-07T09:25:05Z	"{""email"":""park5862@example.kr"",""country"":""KR"",""phone"":""+82-10-7438-4500""}"	"[{""sku"":""WIDGET-174"",""qty"":2,""price"":41676}]"	"{""method"":""mobile_wallet"",""currency"":""KRW"",""amount"":83352,""status"":""completed""}"	mobile
C696846	2025-03-07T14:20:55Z	"{""email"":""suzuki7859@example.kr"",""country"":""KR"",""phone"":""+82-10-4413-3747""}"	"[{""sku"":""WIDGET-305"",""qty"":2,""price"":20845}]"	"{""method"":""bank_transfer"",""currency"":""KRW"",""amount"":41690,""status"":""settled""}"	mobile
C694186	2025-03-07T04:05:09Z	"{""email"":""kim4897@example.kr"",""country"":""KR"",""phone"":""+82-10-1265-2496""}"	"[{""sku"":""WIDGET-193"",""qty"":3,""price"":121976}]"	"{""method"":""credit_card"",""currency"":""KRW"",""amount"":365928,""status"":""settled""}"	tablet
C695045	2025-03-07T21:45:21Z	"{""email"":""kim3997@example.kr"",""country"":""KR"",""phone"":""+82-10-2123-4063""}"	"[{""sku"":""WIDGET-283"",""qty"":2,""price"":60433}]"	"{""method"":""credit_card"",""currency"":""KRW"",""amount"":120866,""status"":""settled""}"	desktop
C687265	2025-03-07T11:55:57Z	"{""email"":""tanaka9460@example.jp"",""country"":""JP"",""phone"":""+81-90-9750-9481""}"	"[{""sku"":""WIDGET-179"",""qty"":2,""price"":23192}]"	"{""method"":""mobile_wallet"",""currency"":""JPY"",""amount"":46384,""status"":""settled""}"	mobile
C689603	2025-03-07T22:00:39Z	"{""email"":""tanaka3477@example.jp"",""country"":""JP"",""phone"":""+81-90-6684-5211""}"	"[{""sku"":""WIDGET-377"",""qty"":3,""price"":22924}]"	"{""method"":""bank_transfer"",""currency"":""JPY"",""amount"":68772,""status"":""settled""}"	mobile
C692273	2025-03-07T23:05:42Z	"{""email"":""kim7326@example.kr"",""country"":""KR"",""phone"":""+82-10-9663-6720""}"	"[{""sku"":""WIDGET-135"",""qty"":1,""price"":225093}]"	"{""method"":""credit_card"",""currency"":""KRW"",""amount"":225093,""status"":""settled""}"	mobile
C695795	2025-03-07T11:20:27Z	"{""email"":""yamada4827@example.jp"",""country"":""JP"",""phone"":""+81-90-4571-4571""}"	"[{""sku"":""WIDGET-392"",""qty"":4,""price"":29482}]"	"{""method"":""mobile_wallet"",""currency"":""JPY"",""amount"":117928,""status"":""pending""}"	tablet
C690100	2025-03-07T10:05:30Z	"{""email"":""kim5383@example.kr"",""country"":""KR"",""phone"":""+82-10-7826-3120""}"	"[{""sku"":""WIDGET-343"",""qty"":2,""price"":235543}]"	"{""method"":""credit_card"",""currency"":""KRW"",""amount"":471086,""status"":""settled""}"	desktop
C687049	2025-03-07T22:05:29Z	"{""email"":""kim7392@example.jp"",""country"":""JP"",""phone"":""+81-90-4525-3410""}"	"[{""sku"":""WIDGET-103"",""qty"":2,""price"":26464}]"	"{""method"":""mobile_wallet"",""currency"":""JPY"",""amount"":52928,""status"":""settled""}"	tablet
C694285	2025-03-07T17:30:12Z	"{""email"":""suzuki194@example.jp"",""country"":""JP"",""phone"":""+81-90-2039-7187""}"	"[{""sku"":""WIDGET-108"",""qty"":3,""price"":15378}]"	"{""method"":""bank_transfer"",""currency"":""JPY"",""amount"":46134,""status"":""settled""}"	desktop
C688419	2025-03-07T14:00:04Z	"{""email"":""yamada9828@example.jp"",""country"":""JP"",""phone"":""+81-90-1169-5003""}"	"[{""sku"":""WIDGET-197"",""qty"":4,""price"":9438}]"	"{""method"":""credit_card"",""currency"":""JPY"",""amount"":37752,""status"":""settled""}"	desktop
C693943	2025-03-07T21:20:27Z	"{""email"":""yamada5238@example.jp"",""country"":""JP"",""phone"":""+81-90-1400-4059""}"	"[{""sku"":""WIDGET-317"",""qty"":1,""price"":18956}]"	"{""method"":""mobile_wallet"",""currency"":""JPY"",""amount"":18956,""status"":""settled""}"	desktop
C689244	2025-03-07T12:40:12Z	"{""email"":""kim8866@example.jp"",""country"":""JP"",""phone"":""+81-90-9352-2801""}"	"[{""sku"":""WIDGET-192"",""qty"":5,""price"":15167}]"	"{""method"":""credit_card"",""currency"":""JPY"",""amount"":75835,""status"":""completed""}"	mobile
C694744	2025-03-07T03:10:22Z	"{""email"":""lee8842@example.jp"",""country"":""JP"",""phone"":""+81-90-5190-3714""}"	"[{""sku"":""WIDGET-303"",""qty"":2,""price"":5322}]"	"{""method"":""credit_card"",""currency"":""JPY"",""amount"":10644,""status"":""settled""}"	desktop
C695478	2025-03-07T20:25:59Z	"{""email"":""yamada8366@example.kr"",""country"":""KR"",""phone"":""+82-10-8012-9174""}"	"[{""sku"":""WIDGET-351"",""qty"":3,""price"":228794}]"	"{""method"":""credit_card"",""currency"":""KRW"",""amount"":686382,""status"":""completed""}"	mobile
C693644	2025-03-07T14:15:38Z	"{""email"":""park8839@example.jp"",""country"":""JP"",""phone"":""+81-90-5323-8510""}"	"[{""sku"":""WIDGET-366"",""qty"":2,""price"":6206}]"	"{""method"":""mobile_wallet"",""currency"":""JPY"",""amount"":12412,""status"":""settled""}"	tablet
C689360	2025-03-07T11:10:21Z	"{""email"":""tanaka8373@example.jp"",""country"":""JP"",""phone"":""+81-90-6118-5280""}"	"[{""sku"":""WIDGET-110"",""qty"":5,""price"":29118}]"	"{""method"":""credit_card"",""currency"":""JPY"",""amount"":145590,""status"":""completed""}"	desktop
C695216	2025-03-07T16:15:36Z	"{""email"":""park7436@example.kr"",""country"":""KR"",""phone"":""+82-10-8094-3008""}"	"[{""sku"":""WIDGET-211"",""qty"":3,""price"":137899}]"	"{""method"":""bank_transfer"",""currency"":""KRW"",""amount"":413697,""status"":""pending""}"	tablet
C693427	2025-03-07T13:35:19Z	"{""email"":""yamada7051@example.jp"",""country"":""JP"",""phone"":""+81-90-7546-1371""}"	"[{""sku"":""WIDGET-228"",""qty"":5,""price"":11455}]"	"{""method"":""mobile_wallet"",""currency"":""JPY"",""amount"":57275,""status"":""settled""}"	mobile
C690240	2025-03-07T07:20:03Z	"{""email"":""lee8423@example.kr"",""country"":""KR"",""phone"":""+82-10-2692-7939""}"	"[{""sku"":""WIDGET-122"",""qty"":3,""price"":166680}]"	"{""method"":""mobile_wallet"",""currency"":""KRW"",""amount"":500040,""status"":""settled""}"	tablet
C696674	2025-03-07T04:30:13Z	"{""email"":""park724@example.jp"",""country"":""JP"",""phone"":""+81-90-5979-4352""}"	"[{""sku"":""WIDGET-126"",""qty"":4,""price"":12308}]"	"{""method"":""mobile_wallet"",""currency"":""JPY"",""amount"":49232,""status"":""completed""}"	mobile
C688124	2025-03-07T02:30:43Z	"{""email"":""yamada3095@example.jp"",""country"":""JP"",""phone"":""+81-90-4051-9348""}"	"[{""sku"":""WIDGET-278"",""qty"":1,""price"":4262}]"	"{""method"":""mobile_wallet"",""currency"":""JPY"",""amount"":4262,""status"":""settled""}"	desktop
C692797	2025-03-07T21:45:04Z	"{""email"":""lee1892@example.kr"",""country"":""KR"",""phone"":""+82-10-4227-1020""}"	"[{""sku"":""WIDGET-240"",""qty"":2,""price"":53135}]"	"{""method"":""credit_card"",""currency"":""KRW"",""amount"":106270,""status"":""settled""}"	desktop
C696284	2025-03-07T18:20:51Z	"{""email"":""kim2916@example.kr"",""country"":""KR"",""phone"":""+82-10-9292-7674""}"	"[{""sku"":""WIDGET-105"",""qty"":2,""price"":232764}]"	"{""method"":""mobile_wallet"",""currency"":""KRW"",""amount"":465528,""status"":""settled""}"	mobile
C693884	2025-03-07T05:00:29Z	"{""email"":""kim6213@example.jp"",""country"":""JP"",""phone"":""+81-90-2498-1800""}"	"[{""sku"":""WIDGET-179"",""qty"":5,""price"":19855}]"	"{""method"":""credit_card"",""currency"":""JPY"",""amount"":99275,""status"":""settled""}"	desktop
C691603	2025-03-07T15:55:26Z	"{""email"":""suzuki375@example.kr"",""country"":""KR"",""phone"":""+82-10-3153-2629""}"	"[{""sku"":""WIDGET-209"",""qty"":5,""price"":56658}]"	"{""method"":""bank_transfer"",""currency"":""KRW"",""amount"":283290,""status"":""completed""}"	tablet
C694336	2025-03-07T01:15:35Z	"{""email"":""yamada9984@example.kr"",""country"":""KR"",""phone"":""+82-10-2093-9146""}"	"[{""sku"":""WIDGET-382"",""qty"":4,""price"":85623}]"	"{""method"":""mobile_wallet"",""currency"":""KRW"",""amount"":342492,""status"":""settled""}"	mobile
C687408	2025-03-07T09:50:22Z	"{""email"":""yamada6995@example.jp"",""country"":""JP"",""phone"":""+81-90-4501-7920""}"	"[{""sku"":""WIDGET-273"",""qty"":1,""price"":27177}]"	"{""method"":""bank_transfer"",""currency"":""JPY"",""amount"":27177,""status"":""settled""}"	desktop
C690096	2025-03-07T19:55:29Z	"{""email"":""tanaka2399@example.kr"",""country"":""KR"",""phone"":""+82-10-9020-4177""}"	"[{""sku"":""WIDGET-248"",""qty"":5,""price"":124186}]"	"{""method"":""mobile_wallet"",""currency"":""KRW"",""amount"":620930,""status"":""settled""}"	desktop
C694756	2025-03-07T03:00:44Z	"{""email"":""park9032@example.kr"",""country"":""KR"",""phone"":""+82-10-2317-3257""}"	"[{""sku"":""WIDGET-273"",""qty"":4,""price"":195195}]"	"{""method"":""bank_transfer"",""currency"":""KRW"",""amount"":780780,""status"":""settled""}"	mobile
C695967	2025-03-07T03:10:59Z	"{""email"":""yamada8324@example.jp"",""country"":""JP"",""phone"":""+81-90-1373-9701""}"	"[{""sku"":""WIDGET-273"",""qty"":1,""price"":5647}]"	"{""method"":""bank_transfer"",""currency"":""JPY"",""amount"":5647,""status"":""completed""}"	mobile
C696207	2025-03-07T21:20:22Z	"{""email"":""park2257@example.kr"",""country"":""KR"",""phone"":""+82-10-7609-2611""}"	"[{""sku"":""WIDGET-363"",""qty"":3,""price"":66379}]"	"{""method"":""mobile_wallet"",""currency"":""KRW"",""amount"":199137,""status"":""settled""}"	mobile
C687990	2025-03-07T15:10:41Z	"{""email"":""park3113@example.kr"",""country"":""KR"",""phone"":""+82-10-4230-4840""}"	"[{""sku"":""WIDGET-273"",""qty"":4,""price"":220178}]"	"{""method"":""bank_transfer"",""currency"":""KRW"",""amount"":880712,""status"":""settled""}"	mobile
C689777	2025-03-07T07:10:11Z	"{""email"":""lee8021@example.kr"",""country"":""KR"",""phone"":""+82-10-8129-8982""}"	"[{""sku"":""WIDGET-205"",""qty"":4,""price"":108334}]"	"{""method"":""credit_card"",""currency"":""KRW"",""amount"":433336,""status"":""pending""}"	desktop
C692415	2025-03-07T19:30:27Z	"{""email"":""tanaka2031@example.kr"",""country"":""KR"",""phone"":""+82-10-9638-9814""}"	"[{""sku"":""WIDGET-399"",""qty"":2,""price"":48094}]"	"{""method"":""mobile_wallet"",""currency"":""KRW"",""amount"":96188,""status"":""settled""}"	desktop
C688353	2025-03-07T21:50:21Z	"{""email"":""tanaka6310@example.jp"",""country"":""JP"",""phone"":""+81-90-4777-2785""}"	"[{""sku"":""WIDGET-134"",""qty"":2,""price"":22875}]"	"{""method"":""credit_card"",""currency"":""JPY"",""amount"":45750,""status"":""settled""}"	tablet
C690444	2025-03-07T17:05:07Z	"{""email"":""tanaka5313@example.jp"",""country"":""JP"",""phone"":""+81-90-6413-1792""}"	"[{""sku"":""WIDGET-190"",""qty"":5,""price"":27197}]"	"{""method"":""bank_transfer"",""currency"":""JPY"",""amount"":135985,""status"":""settled""}"	tablet
C692279	2025-03-07T19:50:06Z	"{""email"":""park1382@example.jp"",""country"":""JP"",""phone"":""+81-90-8519-3949""}"	"[{""sku"":""WIDGET-343"",""qty"":3,""price"":20555}]"	"{""method"":""bank_transfer"",""currency"":""JPY"",""amount"":61665,""status"":""completed""}"	tablet
C694016	2025-03-07T21:25:59Z	"{""email"":""suzuki1093@example.jp"",""country"":""JP"",""phone"":""+81-90-6712-7506""}"	"[{""sku"":""WIDGET-348"",""qty"":5,""price"":10101}]"	"{""method"":""mobile_wallet"",""currency"":""JPY"",""amount"":50505,""status"":""settled""}"	tablet
C693483	2025-03-07T22:40:32Z	"{""email"":""tanaka4759@example.jp"",""country"":""JP"",""phone"":""+81-90-6237-4138""}"	"[{""sku"":""WIDGET-233"",""qty"":3,""price"":22488}]"	"{""method"":""bank_transfer"",""currency"":""JPY"",""amount"":67464,""status"":""settled""}"	mobile
C696116	2025-03-07T17:45:19Z	"{""email"":""suzuki6390@example.jp"",""country"":""JP"",""phone"":""+81-90-8148-6407""}"	"[{""sku"":""WIDGET-356"",""qty"":1,""price"":2567}]"	"{""method"":""credit_card"",""currency"":""JPY"",""amount"":2567,""status"":""completed""}"	mobile
C686505	2025-03-07T03:40:12Z	"{""email"":""yamada5846@example.jp"",""country"":""JP"",""phone"":""+81-90-2140-7806""}"	"[{""sku"":""WIDGET-358"",""qty"":3,""price"":21891}]"	"{""method"":""credit_card"",""currency"":""JPY"",""amount"":65673,""status"":""settled""}"	mobile
C691227	2025-03-07T05:50:24Z	"{""email"":""park9988@example.kr"",""country"":""KR"",""phone"":""+82-10-8815-1443""}"	"[{""sku"":""WIDGET-261"",""qty"":1,""price"":29308}]"	"{""method"":""credit_card"",""currency"":""KRW"",""amount"":29308,""status"":""settled""}"	desktop
C695246	2025-03-07T03:55:08Z	"{""email"":""kim6171@example.jp"",""country"":""JP"",""phone"":""+81-90-5564-1689""}"	"[{""sku"":""WIDGET-152"",""qty"":5,""price"":5109}]"	"{""method"":""mobile_wallet"",""currency"":""JPY"",""amount"":25545,""status"":""settled""}"	desktop
C690781	2025-03-07T14:00:07Z	"{""email"":""tanaka1838@example.kr"",""country"":""KR"",""phone"":""+82-10-9645-2320""}"	"[{""sku"":""WIDGET-308"",""qty"":4,""price"":70445}]"	"{""method"":""bank_transfer"",""currency"":""KRW"",""amount"":281780,""status"":""completed""}"	tablet
C693756	2025-03-07T05:35:58Z	"{""email"":""park1096@example.jp"",""country"":""JP"",""phone"":""+81-90-7375-3411""}"	"[{""sku"":""WIDGET-156"",""qty"":5,""price"":973}]"	"{""method"":""credit_card"",""currency"":""JPY"",""amount"":4865,""status"":""settled""}"	tablet
C694921	2025-03-07T22:50:05Z	"{""email"":""suzuki3118@example.jp"",""country"":""JP"",""phone"":""+81-90-5179-1796""}"	"[{""sku"":""WIDGET-163"",""qty"":4,""price"":4377}]"	"{""method"":""credit_card"",""currency"":""JPY"",""amount"":17508,""status"":""settled""}"	desktop
C694654	2025-03-07T17:25:41Z	"{""email"":""yamada1409@example.kr"",""country"":""KR"",""phone"":""+82-10-6311-4368""}"	"[{""sku"":""WIDGET-362"",""qty"":2,""price"":230057}]"	"{""method"":""bank_transfer"",""currency"":""KRW"",""amount"":460114,""status"":""settled""}"	tablet
C686832	2025-03-07T21:00:20Z	"{""email"":""park6404@example.jp"",""country"":""JP"",""phone"":""+81-90-2657-2700""}"	"[{""sku"":""WIDGET-391"",""qty"":2,""price"":7768}]"	"{""method"":""mobile_wallet"",""currency"":""JPY"",""amount"":15536,""status"":""completed""}"	mobile
C696932	2025-03-07T23:50:04Z	"{""email"":""park1172@example.kr"",""country"":""KR"",""phone"":""+82-10-6021-6272""}"	"[{""sku"":""WIDGET-224"",""qty"":3,""price"":83825}]"	"{""method"":""bank_transfer"",""currency"":""KRW"",""amount"":251475,""status"":""settled""}"	desktop
C691378	2025-03-07T20:50:26Z	"{""email"":""suzuki7984@example.jp"",""country"":""JP"",""phone"":""+81-90-1134-6888""}"	"[{""sku"":""WIDGET-383"",""qty"":4,""price"":22031}]"	"{""method"":""bank_transfer"",""currency"":""JPY"",""amount"":88124,""status"":""settled""}"	tablet
C688298	2025-03-07T01:35:13Z	"{""email"":""kim8245@example.jp"",""country"":""JP"",""phone"":""+81-90-6598-7235""}"	"[{""sku"":""WIDGET-370"",""qty"":3,""price"":4785}]"	"{""method"":""mobile_wallet"",""currency"":""JPY"",""amount"":14355,""status"":""completed""}"	tablet
C692696	2025-03-07T17:40:34Z	"{""email"":""suzuki4038@example.jp"",""country"":""JP"",""phone"":""+81-90-4482-8282""}"	"[{""sku"":""WIDGET-286"",""qty"":2,""price"":24063}]"	"{""method"":""mobile_wallet"",""currency"":""JPY"",""amount"":48126,""status"":""settled""}"	tablet
C695158	2025-03-07T15:40:12Z	"{""email"":""kim9295@example.kr"",""country"":""KR"",""phone"":""+82-10-9217-2374""}"	"[{""sku"":""WIDGET-219"",""qty"":1,""price"":155283}]"	"{""method"":""bank_transfer"",""currency"":""KRW"",""amount"":155283,""status"":""settled""}"	desktop
C692921	2025-03-07T07:25:49Z	"{""email"":""lee1210@example.jp"",""country"":""JP"",""phone"":""+81-90-4491-5618""}"	"[{""sku"":""WIDGET-230"",""qty"":1,""price"":7003}]"	"{""method"":""credit_card"",""currency"":""JPY"",""amount"":7003,""status"":""completed""}"	mobile
C692509	2025-03-07T04:20:20Z	"{""email"":""yamada4619@example.kr"",""country"":""KR"",""phone"":""+82-10-7157-9325""}"	"[{""sku"":""WIDGET-360"",""qty"":2,""price"":114168}]"	"{""method"":""credit_card"",""currency"":""KRW"",""amount"":228336,""status"":""settled""}"	tablet
C693051	2025-03-07T12:10:26Z	"{""email"":""lee3075@example.kr"",""country"":""KR"",""phone"":""+82-10-2081-9985""}"	"[{""sku"":""WIDGET-266"",""qty"":2,""price"":59551}]"	"{""method"":""mobile_wallet"",""currency"":""KRW"",""amount"":119102,""status"":""settled""}"	desktop
C687182	2025-03-07T07:45:17Z	"{""email"":""yamada3867@example.jp"",""country"":""JP"",""phone"":""+81-90-2886-1005""}"	"[{""sku"":""WIDGET-201"",""qty"":4,""price"":29442}]"	"{""method"":""bank_transfer"",""currency"":""JPY"",""amount"":117768,""status"":""settled""}"	tablet
C692888	2025-03-07T12:25:55Z	"{""email"":""suzuki7874@example.kr"",""country"":""KR"",""phone"":""+82-10-6618-9082""}"	"[{""sku"":""WIDGET-290"",""qty"":3,""price"":135926}]"	"{""method"":""mobile_wallet"",""currency"":""KRW"",""amount"":407778,""status"":""settled""}"	desktop
C694374	2025-03-07T18:35:00Z	"{""email"":""park5602@example.jp"",""country"":""JP"",""phone"":""+81-90-7498-3209""}"	"[{""sku"":""WIDGET-195"",""qty"":4,""price"":25234}]"	"{""method"":""credit_card"",""currency"":""JPY"",""amount"":100936,""status"":""settled""}"	mobile
C695083	2025-03-07T23:05:21Z	"{""email"":""kim5911@example.jp"",""country"":""JP"",""phone"":""+81-90-1435-8198""}"	"[{""sku"":""WIDGET-230"",""qty"":4,""price"":15083}]"	"{""method"":""mobile_wallet"",""currency"":""JPY"",""amount"":60332,""status"":""completed""}"	tablet
C690464	2025-03-07T09:05:01Z	"{""email"":""park6736@example.kr"",""country"":""KR"",""phone"":""+82-10-6336-9173""}"	"[{""sku"":""WIDGET-358"",""qty"":4,""price"":46472}]"	"{""method"":""mobile_wallet"",""currency"":""KRW"",""amount"":185888,""status"":""settled""}"	mobile
C689976	2025-03-07T14:00:56Z	"{""email"":""lee1117@example.kr"",""country"":""KR"",""phone"":""+82-10-8525-3923""}"	"[{""sku"":""WIDGET-240"",""qty"":4,""price"":63899}]"	"{""method"":""bank_transfer"",""currency"":""KRW"",""amount"":255596,""status"":""pending""}"	desktop
C695889	2025-03-07T00:40:47Z	"{""email"":""suzuki8469@example.kr"",""country"":""KR"",""phone"":""+82-10-3143-5947""}"	"[{""sku"":""WIDGET-302"",""qty"":3,""price"":93859}]"	"{""method"":""mobile_wallet"",""currency"":""KRW"",""amount"":281577,""status"":""settled""}"	desktop
C687359	2025-03-07T00:45:09Z	"{""email"":""suzuki5605@example.jp"",""country"":""JP"",""phone"":""+81-90-1953-3484""}"	"[{""sku"":""WIDGET-282"",""qty"":4,""price"":21830}]"	"{""method"":""credit_card"",""currency"":""JPY"",""amount"":87320,""status"":""pending""}"	desktop
C693909	2025-03-07T17:40:51Z	"{""email"":""tanaka7733@example.jp"",""country"":""JP"",""phone"":""+81-90-1739-9692""}"	"[{""sku"":""WIDGET-300"",""qty"":2,""price"":20414}]"	"{""method"":""mobile_wallet"",""currency"":""JPY"",""amount"":40828,""status"":""pending""}"	desktop
C693216	2025-03-07T00:35:50Z	"{""email"":""suzuki9801@example.jp"",""country"":""JP"",""phone"":""+81-90-4873-9838""}"	"[{""sku"":""WIDGET-298"",""qty"":4,""price"":12869}]"	"{""method"":""bank_transfer"",""currency"":""JPY"",""amount"":51476,""status"":""pending""}"	tablet
C692387	2025-03-07T16:50:11Z	"{""email"":""park3093@example.kr"",""country"":""KR"",""phone"":""+82-10-2059-3732""}"	"[{""sku"":""WIDGET-334"",""qty"":1,""price"":175104}]"	"{""method"":""mobile_wallet"",""currency"":""KRW"",""amount"":175104,""status"":""settled""}"	mobile
C690815	2025-03-07T12:25:22Z	"{""email"":""yamada4358@example.jp"",""country"":""JP"",""phone"":""+81-90-2626-5681""}"	"[{""sku"":""WIDGET-173"",""qty"":5,""price"":26858}]"	"{""method"":""mobile_wallet"",""currency"":""JPY"",""amount"":134290,""status"":""completed""}"	desktop
C693449	2025-03-07T22:10:20Z	"{""email"":""tanaka9689@example.jp"",""country"":""JP"",""phone"":""+81-90-8147-3715""}"	"[{""sku"":""WIDGET-364"",""qty"":1,""price"":6799}]"	"{""method"":""mobile_wallet"",""currency"":""JPY"",""amount"":6799,""status"":""settled""}"	desktop
C693286	2025-03-07T20:55:50Z	"{""email"":""yamada3980@example.kr"",""country"":""KR"",""phone"":""+82-10-5422-2017""}"	"[{""sku"":""WIDGET-146"",""qty"":1,""price"":250855}]"	"{""method"":""bank_transfer"",""currency"":""KRW"",""amount"":250855,""status"":""completed""}"	desktop
C695455	2025-03-07T01:05:18Z	"{""email"":""suzuki2972@example.kr"",""country"":""KR"",""phone"":""+82-10-6700-2199""}"	"[{""sku"":""WIDGET-236"",""qty"":2,""price"":204536}]"	"{""method"":""credit_card"",""currency"":""KRW"",""amount"":409072,""status"":""settled""}"	desktop
C693144	2025-03-07T15:20:27Z	"{""email"":""park7701@example.jp"",""country"":""JP"",""phone"":""+81-90-4636-3323""}"	"[{""sku"":""WIDGET-162"",""qty"":1,""price"":10840}]"	"{""method"":""credit_card"",""currency"":""JPY"",""amount"":10840,""status"":""completed""}"	tablet
C687241	2025-03-07T21:15:44Z	"{""email"":""park4779@example.kr"",""country"":""KR"",""phone"":""+82-10-9732-4225""}"	"[{""sku"":""WIDGET-223"",""qty"":5,""price"":138726}]"	"{""method"":""mobile_wallet"",""currency"":""KRW"",""amount"":693630,""status"":""settled""}"	mobile
C691510	2025-03-07T19:45:56Z	"{""email"":""kim7111@example.jp"",""country"":""JP"",""phone"":""+81-90-8610-5344""}"	"[{""sku"":""WIDGET-107"",""qty"":2,""price"":16042}]"	"{""method"":""bank_transfer"",""currency"":""JPY"",""amount"":32084,""status"":""settled""}"	tablet
C695579	2025-03-07T03:10:24Z	"{""email"":""kim9945@example.jp"",""country"":""JP"",""phone"":""+81-90-6312-1797""}"	"[{""sku"":""WIDGET-227"",""qty"":4,""price"":26311}]"	"{""method"":""bank_transfer"",""currency"":""JPY"",""amount"":105244,""status"":""settled""}"	desktop
C690019	2025-03-07T08:35:41Z	"{""email"":""yamada8099@example.jp"",""country"":""JP"",""phone"":""+81-90-3538-8244""}"	"[{""sku"":""WIDGET-148"",""qty"":1,""price"":7859}]"	"{""method"":""mobile_wallet"",""currency"":""JPY"",""amount"":7859,""status"":""completed""}"	mobile
C694654	2025-03-07T17:25:41Z	"{""email"":""yamada1409@example.kr"",""country"":""KR"",""phone"":""+82-10-6311-4368""}"	"[{""sku"":""WIDGET-362"",""qty"":2,""price"":230057}]"	"{""method"":""bank_transfer"",""currency"":""KRW"",""amount"":460114,""status"":""settled""}"	tablet
C696050	2025-03-07T01:55:13Z	"{""email"":""kim6649@example.jp"",""country"":""JP"",""phone"":""+81-90-2989-7795""}"	"[{""sku"":""WIDGET-327"",""qty"":4,""price"":10141}]"	"{""method"":""bank_transfer"",""currency"":""JPY"",""amount"":40564,""status"":""settled""}"	tablet
C687462	2025-03-07T11:50:53Z	"{""email"":""lee2704@example.jp"",""country"":""JP"",""phone"":""+81-90-8458-7530""}"	"[{""sku"":""WIDGET-397"",""qty"":5,""price"":11327}]"	"{""method"":""bank_transfer"",""currency"":""JPY"",""amount"":56635,""status"":""settled""}"	tablet
C687488	2025-03-07T20:00:32Z	"{""email"":""lee2902@example.kr"",""country"":""KR"",""phone"":""+82-10-6809-2690""}"	"[{""sku"":""WIDGET-201"",""qty"":5,""price"":86187}]"	"{""method"":""credit_card"",""currency"":""KRW"",""amount"":430935,""status"":""pending""}"	tablet
C688178	2025-03-07T20:10:02Z	"{""email"":""tanaka3342@example.jp"",""country"":""JP"",""phone"":""+81-90-4647-8327""}"	"[{""sku"":""WIDGET-253"",""qty"":4,""price"":11105}]"	"{""method"":""credit_card"",""currency"":""JPY"",""amount"":44420,""status"":""pending""}"	tablet
C687772	2025-03-07T18:40:09Z	"{""email"":""lee8703@example.jp"",""country"":""JP"",""phone"":""+81-90-4364-5914""}"	"[{""sku"":""WIDGET-371"",""qty"":1,""price"":3729}]"	"{""method"":""credit_card"",""currency"":""JPY"",""amount"":3729,""status"":""completed""}"	mobile
C688155	2025-03-07T22:15:12Z	"{""email"":""suzuki6724@example.jp"",""country"":""JP"",""phone"":""+81-90-6220-7050""}"	"[{""sku"":""WIDGET-168"",""qty"":3,""price"":27039}]"	"{""method"":""credit_card"",""currency"":""JPY"",""amount"":81117,""status"":""completed""}"	desktop
C687463	2025-03-07T14:20:20Z	"{""email"":""yamada8237@example.kr"",""country"":""KR"",""phone"":""+82-10-1132-7584""}"	"[{""sku"":""WIDGET-386"",""qty"":2,""price"":31201}]"	"{""method"":""bank_transfer"",""currency"":""KRW"",""amount"":62402,""status"":""settled""}"	tablet
C693334	2025-03-07T08:45:00Z	"{""email"":""tanaka2038@example.jp"",""country"":""JP"",""phone"":""+81-90-2631-1643""}"	"[{""sku"":""WIDGET-354"",""qty"":5,""price"":9140}]"	"{""method"":""credit_card"",""currency"":""JPY"",""amount"":45700,""status"":""settled""}"	desktop
C695050	2025-03-07T06:40:24Z	"{""email"":""lee5051@example.jp"",""country"":""JP""}"	"[{""sku"":""WIDGET-340"",""qty"":1,""price"":16670}]"	"{""method"":""credit_card"",""currency"":""JPY"",""amount"":16670,""status"":""settled""}"	desktop
C687797	2025-03-07T09:25:47Z	"{""email"":""suzuki1350@example.jp"",""country"":""JP"",""phone"":""+81-90-2367-3482""}"	"[{""sku"":""WIDGET-102"",""qty"":4,""price"":19450}]"	"{""method"":""mobile_wallet"",""currency"":""JPY"",""amount"":77800,""status"":""settled""}"	desktop
C692653	2025-03-07T01:25:37Z	"{""email"":""lee887@example.jp"",""country"":""JP"",""phone"":""+81-90-9712-8092""}"	"[{""sku"":""WIDGET-192"",""qty"":1,""price"":3671}]"	"{""method"":""mobile_wallet"",""currency"":""JPY"",""amount"":3671,""status"":""pending""}"	mobile
C691362	2025-03-07T05:40:47Z	"{""email"":""yamada900@example.kr"",""country"":""KR"",""phone"":""+82-10-4091-5048""}"	"[{""sku"":""WIDGET-240"",""qty"":3,""price"":102675}]"	"{""method"":""mobile_wallet"",""currency"":""KRW"",""amount"":308025,""status"":""settled""}"	tablet
C688331	2025-03-07T07:25:55Z	"{""email"":""suzuki755@example.kr"",""country"":""KR"",""phone"":""+82-10-4578-3735""}"	"[{""sku"":""WIDGET-208"",""qty"":4,""price"":173151}]"	"{""method"":""credit_card"",""currency"":""KRW"",""amount"":692604,""status"":""completed""}"	desktop
C689790	2025-03-07T06:15:19Z	"{""email"":""suzuki2271@example.jp"",""country"":""JP"",""phone"":""+81-90-5040-9639""}"	"[{""sku"":""WIDGET-352"",""qty"":4,""price"":12555}]"	"{""method"":""mobile_wallet"",""currency"":""JPY"",""amount"":50220,""status"":""settled""}"	desktop
C690845	2025-03-07T16:15:31Z	"{""email"":""park7485@example.kr"",""country"":""KR"",""phone"":""+82-10-5183-5806""}"	"[{""sku"":""WIDGET-382"",""qty"":1,""price"":163236}]"	"{""method"":""credit_card"",""currency"":""KRW"",""amount"":163236,""status"":""completed""}"	desktop
C694343	2025-03-07T21:40:51Z	"{""email"":""yamada231@example.kr"",""country"":""KR"",""phone"":""+82-10-3624-6433""}"	"[{""sku"":""WIDGET-186"",""qty"":4,""price"":259443}]"	"{""method"":""mobile_wallet"",""currency"":""KRW"",""amount"":1037772,""status"":""settled""}"	tablet
C696854	2025-03-07T12:40:09Z	"{""email"":""suzuki966@example.kr"",""country"":""KR"",""phone"":""+82-10-9525-3783""}"	"[{""sku"":""WIDGET-380"",""qty"":3,""price"":74689}]"	"{""method"":""mobile_wallet"",""currency"":""KRW"",""amount"":224067,""status"":""settled""}"	desktop
C696277	2025-03-07T02:20:00Z	"{""email"":""tanaka5997@example.kr"",""country"":""KR"",""phone"":""+82-10-2773-9967""}"	"[{""sku"":""WIDGET-329"",""qty"":3,""price"":195593}]"	"{""method"":""mobile_wallet"",""currency"":""KRW"",""amount"":586779,""status"":""settled""}"	desktop
C691308	2025-03-07T07:50:32Z	"{""email"":""suzuki2090@example.kr"",""country"":""KR"",""phone"":""+82-10-3749-9302""}"	"[{""sku"":""WIDGET-358"",""qty"":1,""price"":37755}]"	"{""method"":""bank_transfer"",""currency"":""KRW"",""amount"":37755,""status"":""completed""}"	mobile
C689637	2025-03-07T18:25:04Z	"{""email"":""yamada4531@example.jp"",""country"":""JP"",""phone"":""+81-90-9031-9148""}"	"[{""sku"":""WIDGET-308"",""qty"":5,""price"":14819}]"	"{""method"":""bank_transfer"",""currency"":""JPY"",""amount"":74095,""status"":""settled""}"	tablet
C695451	2025-03-07T02:20:40Z	"{""email"":""park6201@example.kr"",""country"":""KR"",""phone"":""+82-10-1216-2938""}"	"[{""sku"":""WIDGET-355"",""qty"":5,""price"":138719}]"	"{""method"":""mobile_wallet"",""currency"":""KRW"",""amount"":693595,""status"":""completed""}"	desktop
C691405	2025-03-07T20:15:46Z	"{""email"":""tanaka7811@example.jp"",""country"":""JP"",""phone"":""+81-90-6823-8684""}"	"[{""sku"":""WIDGET-383"",""qty"":3,""price"":5688}]"	"{""method"":""credit_card"",""currency"":""JPY"",""amount"":17064,""status"":""settled""}"	tablet
C694794	2025-03-07T00:05:06Z	"{""email"":""suzuki723@example.kr"",""country"":""KR"",""phone"":""+82-10-7585-5593""}"	"[{""sku"":""WIDGET-248"",""qty"":5,""price"":119565}]"	"{""method"":""bank_transfer"",""currency"":""KRW"",""amount"":597825,""status"":""completed""}"	desktop
C690684	2025-03-07T22:15:15Z	"{""email"":""lee4896@example.jp"",""country"":""JP"",""phone"":""+81-90-7952-3359""}"	"[{""sku"":""WIDGET-190"",""qty"":5,""price"":24201}]"	"{""method"":""credit_card"",""currency"":""JPY"",""amount"":121005,""status"":""settled""}"	tablet
C694292	2025-03-07T15:10:04Z	"{""email"":""tanaka7887@example.kr"",""country"":""KR"",""phone"":""+82-10-4482-8715""}"	"[{""sku"":""WIDGET-198"",""qty"":3,""price"":129027}]"	"{""method"":""mobile_wallet"",""currency"":""KRW"",""amount"":387081,""status"":""settled""}"	desktop
C689617	2025-03-07T08:40:03Z	"{""email"":""lee8363@example.kr"",""country"":""KR"",""phone"":""+82-10-5586-7875""}"	"[{""sku"":""WIDGET-225"",""qty"":1,""price"":196858}]"	"{""method"":""mobile_wallet"",""currency"":""KRW"",""amount"":196858,""status"":""settled""}"	tablet
C689786	2025-03-07T01:25:16Z	"{""email"":""suzuki6536@example.kr"",""country"":""KR"",""phone"":""+82-10-3137-5047""}"	"[{""sku"":""WIDGET-229"",""qty"":4,""price"":146725}]"	"{""method"":""bank_transfer"",""currency"":""KRW"",""amount"":586900,""status"":""completed""}"	tablet
C696622	2025-03-07T12:50:32Z	"{""email"":""lee1582@example.jp"",""country"":""JP"",""phone"":""+81-90-9627-7348""}"	"[{""sku"":""WIDGET-298"",""qty"":3,""price"":22664}]"	"{""method"":""mobile_wallet"",""currency"":""JPY"",""amount"":67992,""status"":""settled""}"	desktop
C691685	2025-03-07T09:25:07Z	"{""email"":""park2678@example.kr"",""country"":""KR"",""phone"":""+82-10-6100-6300""}"	"[{""sku"":""WIDGET-211"",""qty"":3,""price"":118515}]"	"{""method"":""credit_card"",""currency"":""KRW"",""amount"":355545,""status"":""completed""}"	tablet
C692060	2025-03-07T02:15:05Z	"{""email"":""kim5189@example.kr"",""country"":""KR"",""phone"":""+82-10-9460-5731""}"	"[{""sku"":""WIDGET-140"",""qty"":2,""price"":96626}]"	"{""method"":""credit_card"",""currency"":""KRW"",""amount"":193252,""status"":""completed""}"	mobile
C695513	2025-03-07T06:10:08Z	"{""email"":""lee9216@example.kr"",""country"":""KR"",""phone"":""+82-10-5042-1323""}"	"[{""sku"":""WIDGET-199"",""qty"":1,""price"":85822}]"	"{""method"":""mobile_wallet"",""currency"":""KRW"",""amount"":85822,""status"":""settled""}"	mobile
C696909	2025-03-07T08:25:34Z	"{""email"":""kim7880@example.kr"",""country"":""KR"",""phone"":""+82-10-5140-9881""}"	"[{""sku"":""WIDGET-286"",""qty"":4,""price"":21081}]"	"{""method"":""bank_transfer"",""currency"":""KRW"",""amount"":84324,""status"":""completed""}"	desktop
C687179	2025-03-07T22:10:44Z	"{""email"":""yamada836@example.jp"",""country"":""JP"",""phone"":""+81-90-8773-5639""}"	"[{""sku"":""WIDGET-165"",""qty"":5,""price"":3635}]"	"{""method"":""bank_transfer"",""currency"":""JPY"",""amount"":18175,""status"":""settled""}"	mobile
C690070	2025-03-07T08:35:59Z	"{""email"":""suzuki9582@example.jp"",""country"":""JP"",""phone"":""+81-90-9282-7972""}"	"[{""sku"":""WIDGET-310"",""qty"":3,""price"":2437}]"	"{""method"":""bank_transfer"",""currency"":""JPY"",""amount"":7311,""status"":""completed""}"	mobile
C694321	2025-03-07T07:30:34Z	"{""email"":""suzuki9327@example.jp"",""country"":""JP"",""phone"":""+81-90-1654-7655""}"	"[{""sku"":""WIDGET-248"",""qty"":1,""price"":27251}]"	"{""method"":""credit_card"",""currency"":""JPY"",""amount"":27251,""status"":""settled""}"	tablet
C694815	2025-03-07T11:10:39Z	"{""email"":""park593@example.kr"",""country"":""KR"",""phone"":""+82-10-7479-2627""}"	"[{""sku"":""WIDGET-354"",""qty"":4,""price"":117963}]"	"{""method"":""bank_transfer"",""currency"":""KRW"",""amount"":471852,""status"":""completed""}"	mobile
C695606	2025-03-07T21:55:26Z	"{""email"":""park8360@example.jp"",""country"":""JP"",""phone"":""+81-90-2576-1504""}"	"[{""sku"":""WIDGET-187"",""qty"":5,""price"":8427}]"	"{""method"":""mobile_wallet"",""currency"":""JPY"",""amount"":42135,""status"":""settled""}"	desktop
C696402	2025-03-07T18:45:58Z	"{""email"":""suzuki3433@example.jp"",""country"":""JP"",""phone"":""+81-90-8137-3612""}"	"[{""sku"":""WIDGET-291"",""qty"":3,""price"":20775}]"	"{""method"":""mobile_wallet"",""currency"":""JPY"",""amount"":62325,""status"":""completed""}"	desktop
C690733	2025-03-07T20:00:31Z	"{""email"":""lee1773@example.kr"",""country"":""KR"",""phone"":""+82-10-2613-1200""}"	"[{""sku"":""WIDGET-336"",""qty"":3,""price"":24501}]"	"{""method"":""mobile_wallet"",""currency"":""KRW"",""amount"":73503,""status"":""settled""}"	desktop
C696891	2025-03-07T13:30:35Z	"{""email"":""suzuki3342@example.jp"",""country"":""JP"",""phone"":""+81-90-1687-9480""}"	"[{""sku"":""WIDGET-189"",""qty"":2,""price"":14493}]"	"{""method"":""credit_card"",""currency"":""JPY"",""amount"":28986,""status"":""settled""}"	desktop
C691794	2025-03-07T16:05:05Z	"{""email"":""kim8776@example.jp"",""country"":""JP"",""phone"":""+81-90-3532-7170""}"	"[{""sku"":""WIDGET-322"",""qty"":1,""price"":29591}]"	"{""method"":""bank_transfer"",""currency"":""JPY"",""amount"":29591,""status"":""completed""}"	desktop
C694908	2025-03-07T09:15:37Z	"{""email"":""tanaka436@example.kr"",""country"":""KR"",""phone"":""+82-10-6672-6679""}"	"[{""sku"":""WIDGET-109"",""qty"":3,""price"":181694}]"	"{""method"":""credit_card"",""currency"":""KRW"",""amount"":545082,""status"":""pending""}"	mobile
C687928	2025-03-07T00:10:08Z	"{""email"":""lee5481@example.jp"",""country"":""JP"",""phone"":""+81-90-9516-6342""}"	"[{""sku"":""WIDGET-364"",""qty"":4,""price"":10195}]"	"{""method"":""credit_card"",""currency"":""JPY"",""amount"":40780,""status"":""settled""}"	tablet
C695307	2025-03-07T09:00:40Z	"{""email"":""suzuki9160@example.kr"",""country"":""KR"",""phone"":""+82-10-4207-1213""}"	"[{""sku"":""WIDGET-295"",""qty"":4,""price"":121242}]"	"{""method"":""credit_card"",""currency"":""KRW"",""amount"":484968,""status"":""settled""}"	tablet
C691236	2025-03-07T17:15:54Z	"{""email"":""tanaka9279@example.jp"",""country"":""JP"",""phone"":""+81-90-6194-6554""}"	"[{""sku"":""WIDGET-381"",""qty"":2,""price"":12097}]"	"{""method"":""mobile_wallet"",""currency"":""JPY"",""amount"":24194,""status"":""settled""}"	desktop
C696143	2025-03-07T01:10:11Z	"{""email"":""tanaka3589@example.kr"",""country"":""KR"",""phone"":""+82-10-5407-6923""}"	"[{""sku"":""WIDGET-194"",""qty"":3,""price"":98745}]"	"{""method"":""mobile_wallet"",""currency"":""KRW"",""amount"":296235,""status"":""settled""}"	tablet
C694007	2025-03-07T22:10:13Z	"{""email"":""kim6747@example.kr"",""country"":""KR"",""phone"":""+82-10-1101-5597""}"	"[{""sku"":""WIDGET-141"",""qty"":2,""price"":189636}]"	"{""method"":""bank_transfer"",""currency"":""KRW"",""amount"":379272,""status"":""completed""}"	mobile
C687452	2025-03-07T21:10:18Z	"{""email"":""kim3461@example.kr"",""country"":""KR"",""phone"":""+82-10-7985-5778""}"	"[{""sku"":""WIDGET-109"",""qty"":2,""price"":29192}]"	"{""method"":""bank_transfer"",""currency"":""KRW"",""amount"":58384,""status"":""settled""}"	desktop
C695799	2025-03-07T13:30:45Z	"{""email"":""tanaka1350@example.kr"",""country"":""KR"",""phone"":""+82-10-3201-3720""}"	"[{""sku"":""WIDGET-291"",""qty"":2,""price"":37596}]"	"{""method"":""credit_card"",""currency"":""KRW"",""amount"":75192,""status"":""completed""}"	tablet
C690185	2025-03-07T19:30:38Z	"{""email"":""tanaka8103@example.jp"",""country"":""JP"",""phone"":""+81-90-1782-9667""}"	"[{""sku"":""WIDGET-279"",""qty"":1,""price"":11498}]"	"{""method"":""mobile_wallet"",""currency"":""JPY"",""amount"":11498,""status"":""settled""}"	desktop
C695490	2025-03-07T03:05:54Z	"{""email"":""suzuki3894@example.kr"",""country"":""KR"",""phone"":""+82-10-5847-2323""}"	"[{""sku"":""WIDGET-291"",""qty"":5,""price"":143729}]"	"{""method"":""mobile_wallet"",""currency"":""KRW"",""amount"":718645,""status"":""completed""}"	mobile
C687855	2025-03-07T06:35:42Z	"{""email"":""lee7792@example.jp"",""country"":""JP"",""phone"":""+81-90-1248-6210""}"	"[{""sku"":""WIDGET-188"",""qty"":5,""price"":13831}]"	"{""method"":""credit_card"",""currency"":""JPY"",""amount"":69155,""status"":""completed""}"	mobile
C690724	2025-03-07T10:05:18Z	"{""email"":""tanaka1303@example.kr"",""country"":""KR"",""phone"":""+82-10-4033-6212""}"	"[{""sku"":""WIDGET-391"",""qty"":2,""price"":38396}]"	"{""method"":""mobile_wallet"",""currency"":""KRW"",""amount"":76792,""status"":""settled""}"	desktop
C691396	2025-03-07T11:30:00Z	"{""email"":""lee7522@example.kr"",""country"":""KR"",""phone"":""+82-10-5240-3063""}"	"[{""sku"":""WIDGET-191"",""qty"":5,""price"":86595}]"	"{""method"":""mobile_wallet"",""currency"":""KRW"",""amount"":432975,""status"":""settled""}"	tablet
C690769	2025-03-07T20:00:14Z	"{""email"":""yamada9424@example.jp"",""country"":""JP"",""phone"":""+81-90-4413-3474""}"	"[{""sku"":""WIDGET-218"",""qty"":4,""price"":15760}]"	"{""method"":""mobile_wallet"",""currency"":""JPY"",""amount"":63040,""status"":""completed""}"	tablet
C693765	2025-03-07T08:10:37Z	"{""email"":""lee1655@example.jp"",""country"":""JP"",""phone"":""+81-90-6873-6609""}"	"[{""sku"":""WIDGET-221"",""qty"":5,""price"":18261}]"	"{""method"":""mobile_wallet"",""currency"":""JPY"",""amount"":91305,""status"":""completed""}"	desktop
C688806	2025-03-07T18:40:41Z	"{""email"":""lee5392@example.kr"",""country"":""KR"",""phone"":""+82-10-1260-3470""}"	"[{""sku"":""WIDGET-125"",""qty"":1,""price"":245765}]"	"{""method"":""credit_card"",""currency"":""KRW"",""amount"":245765,""status"":""settled""}"	desktop
C689237	2025-03-07T07:25:33Z	"{""email"":""tanaka3111@example.kr"",""country"":""KR"",""phone"":""+82-10-2575-6920""}"	"[{""sku"":""WIDGET-165"",""qty"":5,""price"":119901}]"	"{""method"":""credit_card"",""currency"":""KRW"",""amount"":599505,""status"":""pending""}"	tablet
C687909	2025-03-07T01:15:31Z	"{""email"":""tanaka758@example.kr"",""country"":""KR"",""phone"":""+82-10-9823-3230""}"	"[{""sku"":""WIDGET-323"",""qty"":2,""price"":231025}]"	"{""method"":""credit_card"",""currency"":""KRW"",""amount"":462050,""status"":""pending""}"	desktop
C689684	2025-03-07T04:00:03Z	"{""email"":""park4493@example.jp"",""country"":""JP"",""phone"":""+81-90-3408-1704""}"	"[{""sku"":""WIDGET-167"",""qty"":2,""price"":15392}]"	"{""method"":""credit_card"",""currency"":""JPY"",""amount"":30784,""status"":""settled""}"	desktop
C686782	2025-03-07T05:05:03Z	"{""email"":""kim4681@example.jp"",""country"":""JP"",""phone"":""+81-90-2000-9373""}"	"[{""sku"":""WIDGET-253"",""qty"":1,""price"":15163}]"	"{""method"":""bank_transfer"",""currency"":""JPY"",""amount"":15163,""status"":""completed""}"	desktop
C693705	2025-03-07T11:55:30Z	"{""email"":""park6377@example.jp"",""country"":""JP"",""phone"":""+81-90-4789-8499""}"	"[{""sku"":""WIDGET-138"",""qty"":4,""price"":19145}]"	"{""method"":""bank_transfer"",""currency"":""JPY"",""amount"":76580,""status"":""settled""}"	tablet
C694355	2025-03-07T00:55:05Z	"{""email"":""lee9233@example.jp"",""country"":""JP"",""phone"":""+81-90-3721-4258""}"	"[{""sku"":""WIDGET-170"",""qty"":2,""price"":18909}]"	"{""method"":""credit_card"",""currency"":""JPY"",""amount"":37818,""status"":""settled""}"	mobile
C691060	2025-03-07T21:15:40Z	"{""email"":""lee4606@example.jp"",""country"":""JP"",""phone"":""+81-90-6030-8346""}"	"[{""sku"":""WIDGET-302"",""qty"":2,""price"":22011}]"	"{""method"":""bank_transfer"",""currency"":""JPY"",""amount"":44022,""status"":""pending""}"	desktop
C688440	2025-03-07T19:10:40Z	"{""email"":""suzuki7945@example.jp"",""country"":""JP"",""phone"":""+81-90-3981-5867""}"	"[{""sku"":""WIDGET-137"",""qty"":1,""price"":1912}]"	"{""method"":""bank_transfer"",""currency"":""JPY"",""amount"":1912,""status"":""settled""}"	desktop
C692813	2025-03-07T15:30:59Z	"{""email"":""park7757@example.kr"",""country"":""KR"",""phone"":""+82-10-4102-7800""}"	"[{""sku"":""WIDGET-292"",""qty"":5,""price"":260444}]"	"{""method"":""bank_transfer"",""currency"":""KRW"",""amount"":1302220,""status"":""completed""}"	desktop
C687183	2025-03-07T06:25:29Z	"{""email"":""suzuki7318@example.jp"",""country"":""JP"",""phone"":""+81-90-8636-2604""}"	"[{""sku"":""WIDGET-284"",""qty"":3,""price"":28888}]"	"{""method"":""bank_transfer"",""currency"":""JPY"",""amount"":86664,""status"":""settled""}"	tablet
C696652	2025-03-07T04:25:50Z	"{""email"":""park55@example.jp"",""country"":""JP"",""phone"":""+81-90-2225-7210""}"	"[{""sku"":""WIDGET-271"",""qty"":2,""price"":898}]"	"{""method"":""bank_transfer"",""currency"":""JPY"",""amount"":1796,""status"":""pending""}"	desktop
C695931	2025-03-07T23:55:54Z	"{""email"":""suzuki399@example.jp"",""country"":""JP"",""phone"":""+81-90-9845-7286""}"	"[{""sku"":""WIDGET-336"",""qty"":3,""price"":28038}]"	"{""method"":""bank_transfer"",""currency"":""JPY"",""amount"":84114,""status"":""settled""}"	mobile
C689177	2025-03-07T02:10:54Z	"{""email"":""park9755@example.jp"",""country"":""JP"",""phone"":""+81-90-6342-4888""}"	"[{""sku"":""WIDGET-382"",""qty"":4,""price"":17652}]"	"{""method"":""credit_card"",""currency"":""JPY"",""amount"":70608,""status"":""settled""}"	tablet
C687647	2025-03-07T17:45:28Z	"{""email"":""kim6163@example.kr"",""country"":""KR"",""phone"":""+82-10-4858-5580""}"	"[{""sku"":""WIDGET-348"",""qty"":5,""price"":122866}]"	"{""method"":""mobile_wallet"",""currency"":""KRW"",""amount"":614330,""status"":""completed""}"	desktop
C686593	2025-03-07T18:00:33Z	"{""email"":""kim9323@example.kr"",""country"":""KR"",""phone"":""+82-10-8367-7555""}"	"[{""sku"":""WIDGET-312"",""qty"":3,""price"":219650}]"	"{""method"":""mobile_wallet"",""currency"":""KRW"",""amount"":658950,""status"":""settled""}"	desktop
C696641	2025-03-07T03:20:04Z	"{""email"":""kim1898@example.jp"",""country"":""JP"",""phone"":""+81-90-2308-3905""}"	"[{""sku"":""WIDGET-398"",""qty"":4,""price"":13943}]"	"{""method"":""credit_card"",""currency"":""JPY"",""amount"":55772,""status"":""settled""}"	desktop
C687931	2025-03-07T05:25:40Z	"{""email"":""kim1555@example.kr"",""country"":""KR"",""phone"":""+82-10-3091-2489""}"	"[{""sku"":""WIDGET-280"",""qty"":2,""price"":257961}]"	"{""method"":""bank_transfer"",""currency"":""KRW"",""amount"":515922,""status"":""settled""}"	mobile
C686770	2025-03-07T15:55:14Z	"{""email"":""park3424@example.jp"",""country"":""JP"",""phone"":""+81-90-8569-3739""}"	"[{""sku"":""WIDGET-104"",""qty"":5,""price"":11921}]"	"{""method"":""credit_card"",""currency"":""JPY"",""amount"":59605,""status"":""completed""}"	mobile
C687222	2025-03-07T12:25:42Z	"{""email"":""yamada5467@example.kr"",""country"":""KR"",""phone"":""+82-10-7186-9512""}"	"[{""sku"":""WIDGET-134"",""qty"":2,""price"":96834}]"	"{""method"":""mobile_wallet"",""currency"":""KRW"",""amount"":193668,""status"":""pending""}"	mobile
C693769	2025-03-07T02:05:30Z	"{""email"":""kim768@example.jp"",""country"":""JP"",""phone"":""+81-90-4957-5021""}"	"[{""sku"":""WIDGET-302"",""qty"":2,""price"":14198}]"	"{""method"":""mobile_wallet"",""currency"":""JPY"",""amount"":28396,""status"":""settled""}"	desktop
C694673	2025-03-07T13:10:06Z	"{""email"":""yamada4118@example.jp"",""country"":""JP"",""phone"":""+81-90-4538-5966""}"	"[{""sku"":""WIDGET-231"",""qty"":5,""price"":19707}]"	"{""method"":""credit_card"",""currency"":""JPY"",""amount"":98535,""status"":""settled""}"	desktop
C689276	2025-03-07T12:30:37Z	"{""email"":""yamada2606@example.jp"",""country"":""JP"",""phone"":""+81-90-1003-3157""}"	"[{""sku"":""WIDGET-353"",""qty"":2,""price"":21826}]"	"{""method"":""mobile_wallet"",""currency"":""JPY"",""amount"":43652,""status"":""completed""}"	tablet
C693204	2025-03-07T22:45:55Z	"{""email"":""suzuki9194@example.jp"",""country"":""JP"",""phone"":""+81-90-3986-3825""}"	"[{""sku"":""WIDGET-169"",""qty"":2,""price"":26271}]"	"{""method"":""mobile_wallet"",""currency"":""JPY"",""amount"":52542,""status"":""settled""}"	desktop
C689007	2025-03-07T11:05:18Z	"{""email"":""kim6525@example.jp"",""country"":""JP"",""phone"":""+81-90-3414-1445""}"	"[{""sku"":""WIDGET-170"",""qty"":5,""price"":28130}]"	"{""method"":""mobile_wallet"",""currency"":""JPY"",""amount"":140650,""status"":""settled""}"	desktop
C688783	2025-03-07T12:10:47Z	"{""email"":""tanaka1294@example.jp"",""country"":""JP"",""phone"":""+81-90-8286-2585""}"	"[{""sku"":""WIDGET-321"",""qty"":5,""price"":5588}]"	"{""method"":""mobile_wallet"",""currency"":""JPY"",""amount"":27940,""status"":""settled""}"	tablet
C686673	2025-03-07T20:05:30Z	"{""email"":""suzuki6885@example.kr"",""country"":""KR"",""phone"":""+82-10-4132-3720""}"	"[{""sku"":""WIDGET-103"",""qty"":5,""price"":11607}]"	"{""method"":""credit_card"",""currency"":""KRW"",""amount"":58035,""status"":""settled""}"	desktop
C693867	2025-03-07T23:35:49Z	"{""email"":""tanaka4523@example.kr"",""country"":""KR"",""phone"":""+82-10-9525-7661""}"	"[{""sku"":""WIDGET-247"",""qty"":3,""price"":146646}]"	"{""method"":""bank_transfer"",""currency"":""KRW"",""amount"":439938,""status"":""pending""}"	mobile
C692122	2025-03-07T13:45:46Z	"{""email"":""park2926@example.jp"",""country"":""JP"",""phone"":""+81-90-7651-6788""}"	"[{""sku"":""WIDGET-167"",""qty"":2,""price"":14954}]"	"{""method"":""mobile_wallet"",""currency"":""JPY"",""amount"":29908,""status"":""settled""}"	desktop
C692975	2025-03-07T23:15:40Z	"{""email"":""suzuki579@example.kr"",""country"":""KR"",""phone"":""+82-10-7215-8951""}"	"[{""sku"":""WIDGET-238"",""qty"":3,""price"":194490}]"	"{""method"":""credit_card"",""currency"":""KRW"",""amount"":583470,""status"":""completed""}"	mobile
C690720	2025-03-07T09:35:02Z	"{""email"":""lee4669@example.jp"",""country"":""JP""}"	"[{""sku"":""WIDGET-271"",""qty"":4,""price"":26162}]"	"{""method"":""bank_transfer"",""currency"":""JPY"",""amount"":104648,""status"":""completed""}"	mobile
C694721	2025-03-07T16:25:48Z	"{""email"":""kim1394@example.jp"",""country"":""JP"",""phone"":""+81-90-4415-8676""}"	"[{""sku"":""WIDGET-195"",""qty"":3,""price"":1621}]"	"{""method"":""credit_card"",""currency"":""JPY"",""amount"":4863,""status"":""settled""}"	tablet
C694496	2025-03-07T19:50:06Z	"{""email"":""park9465@example.kr"",""country"":""KR"",""phone"":""+82-10-5970-5237""}"	"[{""sku"":""WIDGET-221"",""qty"":1,""price"":175949}]"	"{""method"":""mobile_wallet"",""currency"":""KRW"",""amount"":175949,""status"":""completed""}"	mobile
C692929	2025-03-07T10:05:12Z	"{""email"":""lee8666@example.jp"",""country"":""JP"",""phone"":""+81-90-6539-9434""}"	"[{""sku"":""WIDGET-118"",""qty"":1,""price"":18482}]"	"{""method"":""credit_card"",""currency"":""JPY"",""amount"":18482,""status"":""completed""}"	desktop
C690491	2025-03-07T09:45:09Z	"{""email"":""suzuki5291@example.jp"",""country"":""JP"",""phone"":""+81-90-3472-6112""}"	"[{""sku"":""WIDGET-247"",""qty"":4,""price"":22815}]"	"{""method"":""credit_card"",""currency"":""JPY"",""amount"":91260,""status"":""completed""}"	desktop
C687677	2025-03-07T07:50:13Z	"{""email"":""tanaka7866@example.jp"",""country"":""JP"",""phone"":""+81-90-2140-6696""}"	"[{""sku"":""WIDGET-346"",""qty"":4,""price"":10139}]"	"{""method"":""bank_transfer"",""currency"":""JPY"",""amount"":40556,""status"":""settled""}"	tablet
C692251	2025-03-07T22:45:56Z	"{""email"":""lee6992@example.jp"",""country"":""JP"",""phone"":""+81-90-4515-7697""}"	"[{""sku"":""WIDGET-109"",""qty"":4,""price"":23312}]"	"{""method"":""mobile_wallet"",""currency"":""JPY"",""amount"":93248,""status"":""completed""}"	desktop
C688041	2025-03-07T15:30:23Z	"{""email"":""tanaka1546@example.kr"",""country"":""KR"",""phone"":""+82-10-5343-9923""}"	"[{""sku"":""WIDGET-315"",""qty"":3,""price"":132171}]"	"{""method"":""mobile_wallet"",""currency"":""KRW"",""amount"":396513,""status"":""settled""}"	tablet
C690789	2025-03-07T01:00:25Z	"{""email"":""park2886@example.kr"",""country"":""KR"",""phone"":""+82-10-3311-2385""}"	"[{""sku"":""WIDGET-146"",""qty"":4,""price"":144724}]"	"{""method"":""bank_transfer"",""currency"":""KRW"",""amount"":578896,""status"":""settled""}"	mobile
C687782	2025-03-07T10:45:29Z	"{""email"":""park6170@example.jp"",""country"":""JP"",""phone"":""+81-90-2044-6473""}"	"[{""sku"":""WIDGET-295"",""qty"":5,""price"":9692}]"	"{""method"":""mobile_wallet"",""currency"":""JPY"",""amount"":48460,""status"":""settled""}"	desktop
C693007	2025-03-07T04:15:35Z	"{""email"":""yamada6773@example.kr"",""country"":""KR"",""phone"":""+82-10-5006-2325""}"	"[{""sku"":""WIDGET-203"",""qty"":2,""price"":105587}]"	"{""method"":""mobile_wallet"",""currency"":""KRW"",""amount"":211174,""status"":""completed""}"	mobile
C692568	2025-03-07T03:45:03Z	"{""email"":""yamada8117@example.kr"",""country"":""KR"",""phone"":""+82-10-4258-2822""}"	"[{""sku"":""WIDGET-320"",""qty"":5,""price"":28151}]"	"{""method"":""bank_transfer"",""currency"":""KRW"",""amount"":140755,""status"":""settled""}"	desktop
C690001	2025-03-07T02:15:09Z	"{""email"":""suzuki2853@example.kr"",""country"":""KR"",""phone"":""+82-10-4097-3748""}"	"[{""sku"":""WIDGET-182"",""qty"":5,""price"":252515}]"	"{""method"":""mobile_wallet"",""currency"":""KRW"",""amount"":1262575,""status"":""settled""}"	desktop
C688470	2025-03-07T22:00:40Z	"{""email"":""kim4496@example.kr"",""country"":""KR"",""phone"":""+82-10-3974-7341""}"	"[{""sku"":""WIDGET-158"",""qty"":3,""price"":81722}]"	"{""method"":""bank_transfer"",""currency"":""KRW"",""amount"":245166,""status"":""completed""}"	desktop
C689171	2025-03-07T23:45:42Z	"{""email"":""suzuki1953@example.kr"",""country"":""KR"",""phone"":""+82-10-9121-9942""}"	"[{""sku"":""WIDGET-101"",""qty"":1,""price"":65617}]"	"{""method"":""bank_transfer"",""currency"":""KRW"",""amount"":65617,""status"":""completed""}"	tablet
C691700	2025-03-07T10:00:56Z	"{""email"":""suzuki8299@example.jp"",""country"":""JP"",""phone"":""+81-90-8769-1446""}"	"[{""sku"":""WIDGET-231"",""qty"":5,""price"":7466}]"	"{""method"":""credit_card"",""currency"":""JPY"",""amount"":37330,""status"":""settled""}"	tablet
C690401	2025-03-07T16:45:14Z	"{""email"":""lee6050@example.kr"",""country"":""KR"",""phone"":""+82-10-7276-2472""}"	"[{""sku"":""WIDGET-327"",""qty"":4,""price"":249781}]"	"{""method"":""mobile_wallet"",""currency"":""KRW"",""amount"":999124,""status"":""settled""}"	tablet
C692966	2025-03-07T05:05:56Z	"{""email"":""yamada2239@example.kr"",""country"":""KR"",""phone"":""+82-10-8051-6697""}"	"[{""sku"":""WIDGET-194"",""qty"":2,""price"":84660}]"	"{""method"":""credit_card"",""currency"":""KRW"",""amount"":169320,""status"":""completed""}"	desktop
C692009	2025-03-07T23:40:15Z	"{""email"":""lee9619@example.kr"",""country"":""KR"",""phone"":""+82-10-3174-2077""}"	"[{""sku"":""WIDGET-212"",""qty"":5,""price"":247370}]"	"{""method"":""mobile_wallet"",""currency"":""KRW"",""amount"":1236850,""status"":""completed""}"	tablet
C695866	2025-03-07T06:25:19Z	"{""email"":""tanaka7457@example.kr"",""country"":""KR"",""phone"":""+82-10-5063-1639""}"	"[{""sku"":""WIDGET-179"",""qty"":3,""price"":152226}]"	"{""method"":""credit_card"",""currency"":""KRW"",""amount"":456678,""status"":""settled""}"	tablet
C686875	2025-03-07T10:10:59Z	"{""email"":""kim881@example.jp"",""country"":""JP"",""phone"":""+81-90-2768-6363""}"	"[{""sku"":""WIDGET-387"",""qty"":3,""price"":16183}]"	"{""method"":""credit_card"",""currency"":""JPY"",""amount"":48549,""status"":""pending""}"	tablet
C686947	2025-03-07T11:55:01Z	"{""email"":""lee6547@example.jp"",""country"":""JP"",""phone"":""+81-90-4814-4733""}"	"[{""sku"":""WIDGET-245"",""qty"":5,""price"":23907}]"	"{""method"":""bank_transfer"",""currency"":""JPY"",""amount"":119535,""status"":""settled""}"	tablet
C694821	2025-03-07T22:00:42Z	"{""email"":""tanaka3414@example.kr"",""country"":""KR"",""phone"":""+82-10-2833-6917""}"	"[{""sku"":""WIDGET-337"",""qty"":2,""price"":178300}]"	"{""method"":""mobile_wallet"",""currency"":""KRW"",""amount"":356600,""status"":""settled""}"	tablet
C689277	2025-03-07T12:15:42Z	"{""email"":""tanaka1459@example.kr"",""country"":""KR"",""phone"":""+82-10-8286-5389""}"	"[{""sku"":""WIDGET-267"",""qty"":2,""price"":185736}]"	"{""method"":""credit_card"",""currency"":""KRW"",""amount"":371472,""status"":""completed""}"	tablet
C689077	2025-03-07T00:35:27Z	"{""email"":""park884@example.kr"",""country"":""KR"",""phone"":""+82-10-8950-4902""}"	"[{""sku"":""WIDGET-168"",""qty"":1,""price"":72449}]"	"{""method"":""bank_transfer"",""currency"":""KRW"",""amount"":72449,""status"":""settled""}"	tablet
C693720	2025-03-07T11:25:45Z	"{""email"":""park3511@example.jp"",""country"":""JP"",""phone"":""+81-90-4421-3878""}"	"[{""sku"":""WIDGET-193"",""qty"":3,""price"":24768}]"	"{""method"":""bank_transfer"",""currency"":""JPY"",""amount"":74304,""status"":""completed""}"	mobile
C691234	2025-03-07T10:45:40Z	"{""email"":""lee8079@example.kr"",""country"":""KR"",""phone"":""+82-10-1829-2492""}"	"[{""sku"":""WIDGET-357"",""qty"":5,""price"":17876}]"	"{""method"":""mobile_wallet"",""currency"":""KRW"",""amount"":89380,""status"":""settled""}"	mobile
C687934	2025-03-07T14:05:15Z	"{""email"":""yamada713@example.kr"",""country"":""KR"",""phone"":""+82-10-8421-5134""}"	"[{""sku"":""WIDGET-394"",""qty"":5,""price"":142068}]"	"{""method"":""mobile_wallet"",""currency"":""KRW"",""amount"":710340,""status"":""completed""}"	tablet
C694317	2025-03-07T05:10:08Z	"{""email"":""tanaka1242@example.kr"",""country"":""KR"",""phone"":""+82-10-6363-3181""}"	"[{""sku"":""WIDGET-287"",""qty"":5,""price"":238219}]"	"{""method"":""mobile_wallet"",""currency"":""KRW"",""amount"":1191095,""status"":""settled""}"	desktop
C696919	2025-03-07T00:55:13Z	"{""email"":""tanaka2780@example.kr"",""country"":""KR"",""phone"":""+82-10-6013-2201""}"	"[{""sku"":""WIDGET-119"",""qty"":3,""price"":213440}]"	"{""method"":""credit_card"",""currency"":""KRW"",""amount"":640320,""status"":""completed""}"	tablet
C694157	2025-03-07T01:50:49Z	"{""email"":""tanaka6408@example.kr"",""country"":""KR"",""phone"":""+82-10-3318-9672""}"	"[{""sku"":""WIDGET-223"",""qty"":4,""price"":73151}]"	"{""method"":""credit_card"",""currency"":""KRW"",""amount"":292604,""status"":""completed""}"	desktop
C688423	2025-03-07T23:50:13Z	"{""email"":""tanaka4719@example.kr"",""country"":""KR"",""phone"":""+82-10-5094-9027""}"	"[{""sku"":""WIDGET-209"",""qty"":2,""price"":11007}]"	"{""method"":""mobile_wallet"",""currency"":""KRW"",""amount"":22014,""status"":""completed""}"	desktop
C690151	2025-03-07T00:45:21Z	"{""email"":""yamada2464@example.jp"",""country"":""JP"",""phone"":""+81-90-2033-6614""}"	"[{""sku"":""WIDGET-167"",""qty"":4,""price"":16434}]"	"{""method"":""credit_card"",""currency"":""JPY"",""amount"":65736,""status"":""settled""}"	tablet
C695187	2025-03-07T01:05:50Z	"{""email"":""lee1330@example.kr"",""country"":""KR"",""phone"":""+82-10-9220-1973""}"	"[{""sku"":""WIDGET-366"",""qty"":1,""price"":190330}]"	"{""method"":""credit_card"",""currency"":""KRW"",""amount"":190330,""status"":""settled""}"	mobile
C695188	2025-03-07T12:10:20Z	"{""email"":""suzuki9469@example.jp"",""country"":""JP"",""phone"":""+81-90-6751-9719""}"	"[{""sku"":""WIDGET-219"",""qty"":1,""price"":7841}]"	"{""method"":""credit_card"",""currency"":""JPY"",""amount"":7841,""status"":""settled""}"	desktop
C696098	2025-03-07T17:05:22Z	"{""email"":""tanaka5263@example.jp"",""country"":""JP"",""phone"":""+81-90-3106-9285""}"	"[{""sku"":""WIDGET-280"",""qty"":3,""price"":17528}]"	"{""method"":""bank_transfer"",""currency"":""JPY"",""amount"":52584,""status"":""settled""}"	mobile
C691081	2025-03-07T22:10:36Z	"{""email"":""suzuki7665@example.kr"",""country"":""KR"",""phone"":""+82-10-3302-5610""}"	"[{""sku"":""WIDGET-232"",""qty"":1,""price"":149701}]"	"{""method"":""mobile_wallet"",""currency"":""KRW"",""amount"":149701,""status"":""settled""}"	tablet
C693605	2025-03-07T07:15:54Z	"{""email"":""park7490@example.kr"",""country"":""KR"",""phone"":""+82-10-7602-6971""}"	"[{""sku"":""WIDGET-359"",""qty"":5,""price"":262987}]"	"{""method"":""bank_transfer"",""currency"":""KRW"",""amount"":1314935,""status"":""completed""}"	desktop
C694436	2025-03-07T10:55:52Z	"{""email"":""kim7482@example.jp"",""country"":""JP"",""phone"":""+81-90-7700-1928""}"	"[{""sku"":""WIDGET-231"",""qty"":5,""price"":13895}]"	"{""method"":""mobile_wallet"",""currency"":""JPY"",""amount"":69475,""status"":""settled""}"	mobile
C689599	2025-03-07T22:20:30Z	"{""email"":""yamada1296@example.jp"",""country"":""JP"",""phone"":""+81-90-7926-2315""}"	"[{""sku"":""WIDGET-163"",""qty"":3,""price"":16826}]"	"{""method"":""bank_transfer"",""currency"":""JPY"",""amount"":50478,""status"":""settled""}"	tablet
C687574	2025-03-07T07:00:14Z	"{""email"":""suzuki1601@example.kr"",""country"":""KR"",""phone"":""+82-10-7117-9893""}"	"[{""sku"":""WIDGET-246"",""qty"":4,""price"":44217}]"	"{""method"":""mobile_wallet"",""currency"":""KRW"",""amount"":176868,""status"":""completed""}"	mobile
C693797	2025-03-07T18:15:54Z	"{""email"":""tanaka8797@example.kr"",""country"":""KR"",""phone"":""+82-10-3492-4340""}"	"[{""sku"":""WIDGET-216"",""qty"":3,""price"":164246}]"	"{""method"":""mobile_wallet"",""currency"":""KRW"",""amount"":492738,""status"":""settled""}"	mobile
C690981	2025-03-07T06:35:36Z	"{""email"":""park3093@example.jp"",""country"":""JP"",""phone"":""+81-90-6306-9812""}"	"[{""sku"":""WIDGET-337"",""qty"":4,""price"":1439}]"	"{""method"":""bank_transfer"",""currency"":""JPY"",""amount"":5756,""status"":""completed""}"	mobile
C691452	2025-03-07T05:15:46Z	"{""email"":""park8608@example.kr"",""country"":""KR"",""phone"":""+82-10-7702-2051""}"	"[{""sku"":""WIDGET-106"",""qty"":1,""price"":159750}]"	"{""method"":""bank_transfer"",""currency"":""KRW"",""amount"":159750,""status"":""settled""}"	desktop
C695457	2025-03-07T22:30:36Z	"{""email"":""suzuki7629@example.kr"",""country"":""KR"",""phone"":""+82-10-2158-9430""}"	"[{""sku"":""WIDGET-295"",""qty"":4,""price"":24729}]"	"{""method"":""bank_transfer"",""currency"":""KRW"",""amount"":98916,""status"":""completed""}"	mobile
C693043	2025-03-07T23:35:16Z	"{""email"":""kim1597@example.kr"",""country"":""KR"",""phone"":""+82-10-6234-5334""}"	"[{""sku"":""WIDGET-278"",""qty"":5,""price"":182602}]"	"{""method"":""mobile_wallet"",""currency"":""KRW"",""amount"":913010,""status"":""settled""}"	desktop
C688983	2025-03-07T03:05:41Z	"{""email"":""kim2735@example.kr"",""country"":""KR"",""phone"":""+82-10-4386-1054""}"	"[{""sku"":""WIDGET-104"",""qty"":4,""price"":30068}]"	"{""method"":""credit_card"",""currency"":""KRW"",""amount"":120272,""status"":""settled""}"	desktop
C688289	2025-03-07T07:00:50Z	"{""email"":""suzuki2933@example.jp"",""country"":""JP"",""phone"":""+81-90-1433-2388""}"	"[{""sku"":""WIDGET-318"",""qty"":2,""price"":24461}]"	"{""method"":""mobile_wallet"",""currency"":""JPY"",""amount"":48922,""status"":""completed""}"	desktop
C688427	2025-03-07T00:30:55Z	"{""email"":""lee3335@example.kr"",""country"":""KR"",""phone"":""+82-10-9031-5512""}"	"[{""sku"":""WIDGET-217"",""qty"":1,""price"":10310}]"	"{""method"":""credit_card"",""currency"":""KRW"",""amount"":10310,""status"":""settled""}"	desktop
C696572	2025-03-07T08:30:29Z	"{""email"":""tanaka7561@example.jp"",""country"":""JP"",""phone"":""+81-90-8134-7777""}"	"[{""sku"":""WIDGET-134"",""qty"":3,""price"":7182}]"	"{""method"":""credit_card"",""currency"":""JPY"",""amount"":21546,""status"":""settled""}"	tablet
C688378	2025-03-07T17:05:58Z	"{""email"":""yamada9764@example.jp"",""country"":""JP"",""phone"":""+81-90-8987-3935""}"	"[{""sku"":""WIDGET-143"",""qty"":5,""price"":27199}]"	"{""method"":""credit_card"",""currency"":""JPY"",""amount"":135995,""status"":""completed""}"	mobile
C689986	2025-03-07T07:25:26Z	"{""email"":""kim5714@example.kr"",""country"":""KR"",""phone"":""+82-10-8418-5047""}"	"[{""sku"":""WIDGET-275"",""qty"":3,""price"":147571}]"	"{""method"":""bank_transfer"",""currency"":""KRW"",""amount"":442713,""status"":""settled""}"	desktop
C695079	2025-03-07T12:10:55Z	"{""email"":""park4411@example.jp"",""country"":""JP"",""phone"":""+81-90-5122-4465""}"	"[{""sku"":""WIDGET-162"",""qty"":3,""price"":11809}]"	"{""method"":""mobile_wallet"",""currency"":""JPY"",""amount"":35427,""status"":""pending""}"	desktop
C692332	2025-03-07T00:20:35Z	"{""email"":""lee5733@example.jp"",""country"":""JP"",""phone"":""+81-90-7957-3044""}"	"[{""sku"":""WIDGET-213"",""qty"":5,""price"":14739}]"	"{""method"":""credit_card"",""currency"":""JPY"",""amount"":73695,""status"":""settled""}"	tablet
C696160	2025-03-07T03:40:38Z	"{""email"":""park8744@example.kr"",""country"":""KR"",""phone"":""+82-10-9594-7011""}"	"[{""sku"":""WIDGET-179"",""qty"":3,""price"":238200}]"	"{""method"":""credit_card"",""currency"":""KRW"",""amount"":714600,""status"":""pending""}"	tablet
C696422	2025-03-07T18:45:57Z	"{""email"":""park8349@example.kr"",""country"":""KR"",""phone"":""+82-10-9504-1796""}"	"[{""sku"":""WIDGET-161"",""qty"":1,""price"":160083}]"	"{""method"":""credit_card"",""currency"":""KRW"",""amount"":160083,""status"":""settled""}"	desktop
C696011	2025-03-07T10:30:30Z	"{""email"":""park8610@example.jp"",""country"":""JP"",""phone"":""+81-90-9782-3422""}"	"[{""sku"":""WIDGET-185"",""qty"":4,""price"":3984}]"	"{""method"":""mobile_wallet"",""currency"":""JPY"",""amount"":15936,""status"":""pending""}"	mobile
C691570	2025-03-07T21:55:07Z	"{""email"":""park7028@example.jp"",""country"":""JP"",""phone"":""+81-90-5119-3672""}"	"[{""sku"":""WIDGET-231"",""qty"":3,""price"":25545}]"	"{""method"":""credit_card"",""currency"":""JPY"",""amount"":76635,""status"":""pending""}"	mobile
C691432	2025-03-07T09:40:40Z	"{""email"":""tanaka2680@example.jp"",""country"":""JP""}"	"[{""sku"":""WIDGET-306"",""qty"":2,""price"":7331}]"	"{""method"":""bank_transfer"",""currency"":""JPY"",""amount"":14662,""status"":""settled""}"	mobile
C687152	2025-03-07T02:15:38Z	"{""email"":""lee7158@example.kr"",""country"":""KR"",""phone"":""+82-10-9490-9493""}"	"[{""sku"":""WIDGET-238"",""qty"":1,""price"":34200}]"	"{""method"":""credit_card"",""currency"":""KRW"",""amount"":34200,""status"":""settled""}"	desktop
C690773	2025-03-07T11:40:57Z	"{""email"":""suzuki4119@example.kr"",""country"":""KR"",""phone"":""+82-10-4866-5978""}"	"[{""sku"":""WIDGET-353"",""qty"":3,""price"":142099}]"	"{""method"":""bank_transfer"",""currency"":""KRW"",""amount"":426297,""status"":""settled""}"	tablet
C694206	2025-03-07T16:15:32Z	"{""email"":""park7068@example.jp"",""country"":""JP"",""phone"":""+81-90-5509-9535""}"	"[{""sku"":""WIDGET-385"",""qty"":3,""price"":14975}]"	"{""method"":""bank_transfer"",""currency"":""JPY"",""amount"":44925,""status"":""settled""}"	tablet
C692107	2025-03-07T23:25:43Z	"{""email"":""lee8238@example.kr"",""country"":""KR"",""phone"":""+82-10-1759-8558""}"	"[{""sku"":""WIDGET-163"",""qty"":5,""price"":42695}]"	"{""method"":""mobile_wallet"",""currency"":""KRW"",""amount"":213475,""status"":""completed""}"	desktop
C686871	2025-03-07T01:40:31Z	"{""email"":""lee1876@example.jp"",""country"":""JP"",""phone"":""+81-90-7708-7028""}"	"[{""sku"":""WIDGET-197"",""qty"":2,""price"":9825}]"	"{""method"":""mobile_wallet"",""currency"":""JPY"",""amount"":19650,""status"":""settled""}"	tablet
C696945	2025-03-07T16:20:25Z	"{""email"":""kim16@example.kr"",""country"":""KR"",""phone"":""+82-10-8438-9584""}"	"[{""sku"":""WIDGET-281"",""qty"":1,""price"":128274}]"	"{""method"":""credit_card"",""currency"":""KRW"",""amount"":128274,""status"":""completed""}"	mobile
C688472	2025-03-07T15:35:13Z	"{""email"":""yamada7229@example.jp"",""country"":""JP"",""phone"":""+81-90-9026-6734""}"	"[{""sku"":""WIDGET-207"",""qty"":4,""price"":16394}]"	"{""method"":""mobile_wallet"",""currency"":""JPY"",""amount"":65576,""status"":""settled""}"	tablet
C686674	2025-03-07T20:05:33Z	"{""email"":""yamada7252@example.kr"",""country"":""KR"",""phone"":""+82-10-8055-5169""}"	"[{""sku"":""WIDGET-282"",""qty"":2,""price"":108959}]"	"{""method"":""mobile_wallet"",""currency"":""KRW"",""amount"":217918,""status"":""settled""}"	tablet
C689755	2025-03-07T16:55:31Z	"{""email"":""kim6593@example.jp"",""country"":""JP"",""phone"":""+81-90-7885-7128""}"	"[{""sku"":""WIDGET-366"",""qty"":3,""price"":18214}]"	"{""method"":""bank_transfer"",""currency"":""JPY"",""amount"":54642,""status"":""pending""}"	tablet
C695088	2025-03-07T04:15:49Z	"{""email"":""lee1419@example.kr"",""country"":""KR"",""phone"":""+82-10-9714-6051""}"	"[{""sku"":""WIDGET-167"",""qty"":2,""price"":81540}]"	"{""method"":""bank_transfer"",""currency"":""KRW"",""amount"":163080,""status"":""pending""}"	tablet
C694552	2025-03-07T05:15:17Z	"{""email"":""park3619@example.kr"",""country"":""KR"",""phone"":""+82-10-1619-7275""}"	"[{""sku"":""WIDGET-264"",""qty"":1,""price"":242589}]"	"{""method"":""mobile_wallet"",""currency"":""KRW"",""amount"":242589,""status"":""completed""}"	tablet
C694136	2025-03-07T00:40:23Z	"{""email"":""tanaka9889@example.jp"",""country"":""JP"",""phone"":""+81-90-5847-8237""}"	"[{""sku"":""WIDGET-322"",""qty"":1,""price"":11359}]"	"{""method"":""bank_transfer"",""currency"":""JPY"",""amount"":11359,""status"":""settled""}"	desktop
C687323	2025-03-07T15:35:15Z	"{""email"":""lee5908@example.jp"",""country"":""JP"",""phone"":""+81-90-3418-4420""}"	"[{""sku"":""WIDGET-321"",""qty"":3,""price"":1120}]"	"{""method"":""mobile_wallet"",""currency"":""JPY"",""amount"":3360,""status"":""settled""}"	desktop
C696008	2025-03-07T07:35:40Z	"{""email"":""park5594@example.kr"",""country"":""KR"",""phone"":""+82-10-5238-3045""}"	"[{""sku"":""WIDGET-247"",""qty"":5,""price"":151246}]"	"{""method"":""mobile_wallet"",""currency"":""KRW"",""amount"":756230,""status"":""completed""}"	desktop
C690077	2025-03-07T02:40:41Z	"{""email"":""tanaka4909@example.kr"",""country"":""KR"",""phone"":""+82-10-1792-9066""}"	"[{""sku"":""WIDGET-381"",""qty"":4,""price"":198692}]"	"{""method"":""mobile_wallet"",""currency"":""KRW"",""amount"":794768,""status"":""settled""}"	tablet
C695004	2025-03-07T14:30:44Z	"{""email"":""lee5996@example.kr"",""country"":""KR"",""phone"":""+82-10-6800-8101""}"	"[{""sku"":""WIDGET-192"",""qty"":2,""price"":135342}]"	"{""method"":""bank_transfer"",""currency"":""KRW"",""amount"":270684,""status"":""settled""}"	tablet
C695266	2025-03-07T07:05:28Z	"{""email"":""yamada3438@example.jp"",""country"":""JP"",""phone"":""+81-90-3705-2812""}"	"[{""sku"":""WIDGET-122"",""qty"":3,""price"":21597}]"	"{""method"":""mobile_wallet"",""currency"":""JPY"",""amount"":64791,""status"":""settled""}"	desktop
C690912	2025-03-07T07:45:10Z	"{""email"":""yamada1812@example.kr"",""country"":""KR"",""phone"":""+82-10-5526-3269""}"	"[{""sku"":""WIDGET-166"",""qty"":2,""price"":117460}]"	"{""method"":""credit_card"",""currency"":""KRW"",""amount"":234920,""status"":""settled""}"	mobile
C695215	2025-03-07T08:05:22Z	"{""email"":""tanaka4986@example.jp"",""country"":""JP"",""phone"":""+81-90-2202-8712""}"	"[{""sku"":""WIDGET-209"",""qty"":3,""price"":13468}]"	"{""method"":""bank_transfer"",""currency"":""JPY"",""amount"":40404,""status"":""settled""}"	desktop
C690989	2025-03-07T12:25:36Z	"{""email"":""kim2375@example.jp"",""country"":""JP"",""phone"":""+81-90-8307-7373""}"	"[{""sku"":""WIDGET-159"",""qty"":3,""price"":16747}]"	"{""method"":""bank_transfer"",""currency"":""JPY"",""amount"":50241,""status"":""settled""}"	desktop
C692143	2025-03-07T04:00:11Z	"{""email"":""kim7505@example.kr"",""country"":""KR"",""phone"":""+82-10-6437-3617""}"	"[{""sku"":""WIDGET-394"",""qty"":2,""price"":108124}]"	"{""method"":""mobile_wallet"",""currency"":""KRW"",""amount"":216248,""status"":""settled""}"	mobile
C693874	2025-03-07T19:20:15Z	"{""email"":""suzuki1845@example.kr"",""country"":""KR"",""phone"":""+82-10-2364-8415""}"	"[{""sku"":""WIDGET-352"",""qty"":1,""price"":74332}]"	"{""method"":""mobile_wallet"",""currency"":""KRW"",""amount"":74332,""status"":""settled""}"	desktop
C690168	2025-03-07T14:30:00Z	"{""email"":""suzuki8872@example.kr"",""country"":""KR"",""phone"":""+82-10-1945-2560""}"	"[{""sku"":""WIDGET-338"",""qty"":5,""price"":94531}]"	"{""method"":""bank_transfer"",""currency"":""KRW"",""amount"":472655,""status"":""pending""}"	desktop
C690556	2025-03-07T23:20:59Z	"{""email"":""park1132@example.jp"",""country"":""JP"",""phone"":""+81-90-1410-6862""}"	"[{""sku"":""WIDGET-262"",""qty"":4,""price"":10880}]"	"{""method"":""mobile_wallet"",""currency"":""JPY"",""amount"":43520,""status"":""settled""}"	mobile
C692156	2025-03-07T07:00:13Z	"{""email"":""lee693@example.kr"",""country"":""KR"",""phone"":""+82-10-4403-6612""}"	"[{""sku"":""WIDGET-345"",""qty"":3,""price"":200563}]"	"{""method"":""credit_card"",""currency"":""KRW"",""amount"":601689,""status"":""settled""}"	mobile
C693349	2025-03-07T18:50:21Z	"{""email"":""yamada9635@example.kr"",""country"":""KR"",""phone"":""+82-10-2738-7489""}"	"[{""sku"":""WIDGET-329"",""qty"":2,""price"":246448}]"	"{""method"":""credit_card"",""currency"":""KRW"",""amount"":492896,""status"":""settled""}"	mobile
C693654	2025-03-07T12:10:11Z	"{""email"":""kim9316@example.kr"",""country"":""KR"",""phone"":""+82-10-7598-6409""}"	"[{""sku"":""WIDGET-396"",""qty"":1,""price"":243637}]"	"{""method"":""credit_card"",""currency"":""KRW"",""amount"":243637,""status"":""pending""}"	tablet
C689857	2025-03-07T17:20:22Z	"{""email"":""yamada8884@example.kr"",""country"":""KR"",""phone"":""+82-10-7553-3642""}"	"[{""sku"":""WIDGET-183"",""qty"":3,""price"":158060}]"	"{""method"":""credit_card"",""currency"":""KRW"",""amount"":474180,""status"":""settled""}"	desktop
C691156	2025-03-07T12:50:06Z	"{""email"":""lee3922@example.jp"",""country"":""JP"",""phone"":""+81-90-5701-8857""}"	"[{""sku"":""WIDGET-350"",""qty"":5,""price"":12004}]"	"{""method"":""bank_transfer"",""currency"":""JPY"",""amount"":60020,""status"":""completed""}"	mobile
C690402	2025-03-07T22:45:15Z	"{""email"":""yamada868@example.jp"",""country"":""JP"",""phone"":""+81-90-3378-1150""}"	"[{""sku"":""WIDGET-139"",""qty"":1,""price"":24230}]"	"{""method"":""bank_transfer"",""currency"":""JPY"",""amount"":24230,""status"":""settled""}"	tablet
C688392	2025-03-07T23:45:59Z	"{""email"":""suzuki8582@example.kr"",""country"":""KR"",""phone"":""+82-10-6324-1199""}"	"[{""sku"":""WIDGET-380"",""qty"":1,""price"":83971}]"	"{""method"":""credit_card"",""currency"":""KRW"",""amount"":83971,""status"":""settled""}"	desktop
C689818	2025-03-07T19:15:50Z	"{""email"":""park6472@example.kr"",""country"":""KR"",""phone"":""+82-10-1855-4732""}"	"[{""sku"":""WIDGET-204"",""qty"":5,""price"":129517}]"	"{""method"":""credit_card"",""currency"":""KRW"",""amount"":647585,""status"":""completed""}"	mobile
C690469	2025-03-07T21:00:54Z	"{""email"":""tanaka2821@example.jp"",""country"":""JP"",""phone"":""+81-90-3986-9907""}"	"[{""sku"":""WIDGET-255"",""qty"":1,""price"":21698}]"	"{""method"":""mobile_wallet"",""currency"":""JPY"",""amount"":21698,""status"":""settled""}"	desktop
C690654	2025-03-07T02:40:43Z	"{""email"":""lee610@example.jp"",""country"":""JP"",""phone"":""+81-90-4597-7059""}"	"[{""sku"":""WIDGET-128"",""qty"":2,""price"":7213}]"	"{""method"":""bank_transfer"",""currency"":""JPY"",""amount"":14426,""status"":""completed""}"	desktop
C695092	2025-03-07T07:40:42Z	"{""email"":""tanaka4655@example.jp"",""country"":""JP"",""phone"":""+81-90-6439-5892""}"	"[{""sku"":""WIDGET-338"",""qty"":3,""price"":1498}]"	"{""method"":""bank_transfer"",""currency"":""JPY"",""amount"":4494,""status"":""completed""}"	desktop
C692737	2025-03-07T23:15:31Z	"{""email"":""tanaka4416@example.kr"",""country"":""KR"",""phone"":""+82-10-1753-4918""}"	"[{""sku"":""WIDGET-335"",""qty"":1,""price"":199751}]"	"{""method"":""credit_card"",""currency"":""KRW"",""amount"":199751,""status"":""pending""}"	tablet
C695232	2025-03-07T01:30:27Z	"{""email"":""kim7273@example.jp"",""country"":""JP"",""phone"":""+81-90-7667-2868""}"	"[{""sku"":""WIDGET-173"",""qty"":5,""price"":19843}]"	"{""method"":""mobile_wallet"",""currency"":""JPY"",""amount"":99215,""status"":""settled""}"	mobile
C689615	2025-03-07T12:05:15Z	"{""email"":""park9787@example.kr"",""country"":""KR"",""phone"":""+82-10-2720-2340""}"	"[{""sku"":""WIDGET-105"",""qty"":2,""price"":202664}]"	"{""method"":""bank_transfer"",""currency"":""KRW"",""amount"":405328,""status"":""settled""}"	desktop
C694357	2025-03-07T15:00:58Z	"{""email"":""suzuki47@example.jp"",""country"":""JP"",""phone"":""+81-90-4166-8536""}"	"[{""sku"":""WIDGET-396"",""qty"":3,""price"":19754}]"	"{""method"":""bank_transfer"",""currency"":""JPY"",""amount"":59262,""status"":""settled""}"	mobile
C694694	2025-03-07T21:05:02Z	"{""email"":""kim5992@example.kr"",""country"":""KR"",""phone"":""+82-10-4499-1608""}"	"[{""sku"":""WIDGET-306"",""qty"":1,""price"":197207}]"	"{""method"":""credit_card"",""currency"":""KRW"",""amount"":197207,""status"":""settled""}"	mobile
C693706	2025-03-07T22:25:18Z	"{""email"":""yamada4802@example.kr"",""country"":""KR"",""phone"":""+82-10-5167-7119""}"	"[{""sku"":""WIDGET-398"",""qty"":2,""price"":167099}]"	"{""method"":""credit_card"",""currency"":""KRW"",""amount"":334198,""status"":""settled""}"	desktop
C686940	2025-03-07T03:45:24Z	"{""email"":""lee8886@example.jp"",""country"":""JP"",""phone"":""+81-90-4660-6243""}"	"[{""sku"":""WIDGET-347"",""qty"":4,""price"":5458}]"	"{""method"":""bank_transfer"",""currency"":""JPY"",""amount"":21832,""status"":""settled""}"	mobile
C686704	2025-03-07T19:35:11Z	"{""email"":""lee7554@example.kr"",""country"":""KR"",""phone"":""+82-10-3539-3719""}"	"[{""sku"":""WIDGET-377"",""qty"":4,""price"":222252}]"	"{""method"":""credit_card"",""currency"":""KRW"",""amount"":889008,""status"":""completed""}"	desktop
C691581	2025-03-07T08:20:54Z	"{""email"":""tanaka544@example.jp"",""country"":""JP"",""phone"":""+81-90-3779-7186""}"	"[{""sku"":""WIDGET-370"",""qty"":1,""price"":19990}]"	"{""method"":""credit_card"",""currency"":""JPY"",""amount"":19990,""status"":""pending""}"	mobile
C687270	2025-03-07T11:50:38Z	"{""email"":""kim8060@example.jp"",""country"":""JP"",""phone"":""+81-90-8311-9001""}"	"[{""sku"":""WIDGET-268"",""qty"":2,""price"":25031}]"	"{""method"":""bank_transfer"",""currency"":""JPY"",""amount"":50062,""status"":""settled""}"	desktop
C686738	2025-03-07T02:15:33Z	"{""email"":""yamada8868@example.jp"",""country"":""JP"",""phone"":""+81-90-4174-3296""}"	"[{""sku"":""WIDGET-260"",""qty"":2,""price"":27962}]"	"{""method"":""bank_transfer"",""currency"":""JPY"",""amount"":55924,""status"":""completed""}"	desktop
C693163	2025-03-07T15:10:18Z	"{""email"":""yamada830@example.jp"",""country"":""JP"",""phone"":""+81-90-4831-4082""}"	"[{""sku"":""WIDGET-212"",""qty"":3,""price"":28696}]"	"{""method"":""mobile_wallet"",""currency"":""JPY"",""amount"":86088,""status"":""settled""}"	mobile
C694988	2025-03-07T06:05:11Z	"{""email"":""lee9143@example.kr"",""country"":""KR"",""phone"":""+82-10-5066-4823""}"	"[{""sku"":""WIDGET-303"",""qty"":2,""price"":105662}]"	"{""method"":""credit_card"",""currency"":""KRW"",""amount"":211324,""status"":""settled""}"	tablet
C694162	2025-03-07T11:50:41Z	"{""email"":""tanaka9157@example.kr"",""country"":""KR"",""phone"":""+82-10-1991-3476""}"	"[{""sku"":""WIDGET-383"",""qty"":2,""price"":74192}]"	"{""method"":""credit_card"",""currency"":""KRW"",""amount"":148384,""status"":""settled""}"	tablet
C689023	2025-03-07T15:35:48Z	"{""email"":""tanaka1704@example.kr"",""country"":""KR"",""phone"":""+82-10-8946-4987""}"	"[{""sku"":""WIDGET-296"",""qty"":4,""price"":164598}]"	"{""method"":""bank_transfer"",""currency"":""KRW"",""amount"":658392,""status"":""settled""}"	desktop
C695903	2025-03-07T20:25:37Z	"{""email"":""park5646@example.kr"",""country"":""KR"",""phone"":""+82-10-9859-9904""}"	"[{""sku"":""WIDGET-216"",""qty"":1,""price"":136927}]"	"{""method"":""credit_card"",""currency"":""KRW"",""amount"":136927,""status"":""settled""}"	desktop
C696484	2025-03-07T21:55:07Z	"{""email"":""yamada988@example.jp"",""country"":""JP"",""phone"":""+81-90-7244-7729""}"	"[{""sku"":""WIDGET-260"",""qty"":3,""price"":6777}]"	"{""method"":""credit_card"",""currency"":""JPY"",""amount"":20331,""status"":""pending""}"	mobile
C686534	2025-03-07T11:45:37Z	"{""email"":""suzuki7273@example.kr"",""country"":""KR"",""phone"":""+82-10-5517-5734""}"	"[{""sku"":""WIDGET-199"",""qty"":1,""price"":15710}]"	"{""method"":""mobile_wallet"",""currency"":""KRW"",""amount"":15710,""status"":""pending""}"	desktop
C691140	2025-03-07T12:05:41Z	"{""email"":""kim6184@example.kr"",""country"":""KR"",""phone"":""+82-10-1671-3474""}"	"[{""sku"":""WIDGET-158"",""qty"":4,""price"":10711}]"	"{""method"":""credit_card"",""currency"":""KRW"",""amount"":42844,""status"":""settled""}"	mobile
C692222	2025-03-07T11:45:20Z	"{""email"":""lee3172@example.jp"",""country"":""JP"",""phone"":""+81-90-8952-9267""}"	"[{""sku"":""WIDGET-232"",""qty"":1,""price"":9301}]"	"{""method"":""bank_transfer"",""currency"":""JPY"",""amount"":9301,""status"":""settled""}"	mobile
C693578	2025-03-07T04:45:36Z	"{""email"":""park5200@example.jp"",""country"":""JP"",""phone"":""+81-90-2663-7808""}"	"[{""sku"":""WIDGET-306"",""qty"":4,""price"":11955}]"	"{""method"":""bank_transfer"",""currency"":""JPY"",""amount"":47820,""status"":""pending""}"	mobile
C691310	2025-03-07T23:00:41Z	"{""email"":""lee2114@example.jp"",""country"":""JP"",""phone"":""+81-90-1581-8905""}"	"[{""sku"":""WIDGET-386"",""qty"":4,""price"":13377}]"	"{""method"":""bank_transfer"",""currency"":""JPY"",""amount"":53508,""status"":""completed""}"	desktop
C692284	2025-03-07T02:20:18Z	"{""email"":""park7356@example.jp"",""country"":""JP"",""phone"":""+81-90-5853-3142""}"	"[{""sku"":""WIDGET-339"",""qty"":1,""price"":17294}]"	"{""method"":""bank_transfer"",""currency"":""JPY"",""amount"":17294,""status"":""settled""}"	mobile
C690271	2025-03-07T12:05:58Z	"{""email"":""park4173@example.kr"",""country"":""KR"",""phone"":""+82-10-5859-3760""}"	"[{""sku"":""WIDGET-376"",""qty"":5,""price"":162876}]"	"{""method"":""bank_transfer"",""currency"":""KRW"",""amount"":814380,""status"":""settled""}"	desktop
C689598	2025-03-07T13:00:56Z	"{""email"":""yamada5869@example.jp"",""country"":""JP"",""phone"":""+81-90-4451-9658""}"	"[{""sku"":""WIDGET-192"",""qty"":3,""price"":24837}]"	"{""method"":""bank_transfer"",""currency"":""JPY"",""amount"":74511,""status"":""settled""}"	desktop
C689556	2025-03-07T19:25:19Z	"{""email"":""suzuki7935@example.jp"",""country"":""JP"",""phone"":""+81-90-3897-6683""}"	"[{""sku"":""WIDGET-145"",""qty"":1,""price"":5276}]"	"{""method"":""bank_transfer"",""currency"":""JPY"",""amount"":5276,""status"":""settled""}"	tablet
C687196	2025-03-07T00:15:00Z	"{""email"":""tanaka594@example.kr"",""country"":""KR"",""phone"":""+82-10-5361-5380""}"	"[{""sku"":""WIDGET-168"",""qty"":4,""price"":23885}]"	"{""method"":""bank_transfer"",""currency"":""KRW"",""amount"":95540,""status"":""completed""}"	desktop
C691467	2025-03-07T22:00:26Z	"{""email"":""kim6295@example.kr"",""country"":""KR"",""phone"":""+82-10-5306-9767""}"	"[{""sku"":""WIDGET-247"",""qty"":3,""price"":82684}]"	"{""method"":""credit_card"",""currency"":""KRW"",""amount"":248052,""status"":""settled""}"	desktop
C693479	2025-03-07T14:15:24Z	"{""email"":""park9386@example.kr"",""country"":""KR"",""phone"":""+82-10-5234-6476""}"	"[{""sku"":""WIDGET-329"",""qty"":4,""price"":119934}]"	"{""method"":""mobile_wallet"",""currency"":""KRW"",""amount"":479736,""status"":""settled""}"	desktop
C694346	2025-03-07T15:05:07Z	"{""email"":""tanaka6208@example.jp"",""country"":""JP"",""phone"":""+81-90-5384-4529""}"	"[{""sku"":""WIDGET-134"",""qty"":5,""price"":12585}]"	"{""method"":""credit_card"",""currency"":""JPY"",""amount"":62925,""status"":""settled""}"	tablet
C689305	2025-03-07T07:00:36Z	"{""email"":""yamada6449@example.jp"",""country"":""JP""}"	"[{""sku"":""WIDGET-394"",""qty"":4,""price"":18242}]"	"{""method"":""mobile_wallet"",""currency"":""JPY"",""amount"":72968,""status"":""completed""}"	mobile
C690705	2025-03-07T23:10:19Z	"{""email"":""tanaka3271@example.jp"",""country"":""JP"",""phone"":""+81-90-9512-3273""}"	"[{""sku"":""WIDGET-370"",""qty"":1,""price"":23769}]"	"{""method"":""credit_card"",""currency"":""JPY"",""amount"":23769,""status"":""settled""}"	mobile
C696935	2025-03-07T07:15:39Z	"{""email"":""tanaka2315@example.kr"",""country"":""KR"",""phone"":""+82-10-4851-4025""}"	"[{""sku"":""WIDGET-223"",""qty"":2,""price"":123438}]"	"{""method"":""bank_transfer"",""currency"":""KRW"",""amount"":246876,""status"":""settled""}"	tablet
C694712	2025-03-07T00:40:26Z	"{""email"":""suzuki6650@example.jp"",""country"":""JP"",""phone"":""+81-90-5372-2988""}"	"[{""sku"":""WIDGET-358"",""qty"":3,""price"":14501}]"	"{""method"":""mobile_wallet"",""currency"":""JPY"",""amount"":43503,""status"":""settled""}"	tablet
C691747	2025-03-07T00:25:46Z	"{""email"":""suzuki6466@example.jp"",""country"":""JP"",""phone"":""+81-90-9298-3275""}"	"[{""sku"":""WIDGET-284"",""qty"":2,""price"":1304}]"	"{""method"":""bank_transfer"",""currency"":""JPY"",""amount"":2608,""status"":""settled""}"	mobile
C695899	2025-03-07T15:00:51Z	"{""email"":""park4778@example.kr"",""country"":""KR"",""phone"":""+82-10-6920-6666""}"	"[{""sku"":""WIDGET-160"",""qty"":5,""price"":125024}]"	"{""method"":""credit_card"",""currency"":""KRW"",""amount"":625120,""status"":""settled""}"	desktop
C688548	2025-03-07T06:55:18Z	"{""email"":""kim5062@example.jp"",""country"":""JP"",""phone"":""+81-90-5583-5889""}"	"[{""sku"":""WIDGET-273"",""qty"":3,""price"":12015}]"	"{""method"":""credit_card"",""currency"":""JPY"",""amount"":36045,""status"":""settled""}"	tablet
C696460	2025-03-07T14:40:45Z	"{""email"":""tanaka2239@example.kr"",""country"":""KR"",""phone"":""+82-10-6433-1215""}"	"[{""sku"":""WIDGET-293"",""qty"":5,""price"":217735}]"	"{""method"":""bank_transfer"",""currency"":""KRW"",""amount"":1088675,""status"":""settled""}"	tablet
C691950	2025-03-07T16:10:35Z	"{""email"":""yamada9437@example.jp"",""country"":""JP"",""phone"":""+81-90-1478-6323""}"	"[{""sku"":""WIDGET-203"",""qty"":3,""price"":21574}]"	"{""method"":""credit_card"",""currency"":""JPY"",""amount"":64722,""status"":""completed""}"	tablet
C696748	2025-03-07T13:10:17Z	"{""email"":""yamada3938@example.kr"",""country"":""KR"",""phone"":""+82-10-1799-8320""}"	"[{""sku"":""WIDGET-141"",""qty"":3,""price"":58710}]"	"{""method"":""mobile_wallet"",""currency"":""KRW"",""amount"":176130,""status"":""settled""}"	desktop
C687821	2025-03-07T22:35:21Z	"{""email"":""lee860@example.kr"",""country"":""KR"",""phone"":""+82-10-8103-1246""}"	"[{""sku"":""WIDGET-125"",""qty"":5,""price"":217102}]"	"{""method"":""bank_transfer"",""currency"":""KRW"",""amount"":1085510,""status"":""settled""}"	desktop
C695992	2025-03-07T00:20:01Z	"{""email"":""kim647@example.kr"",""country"":""KR"",""phone"":""+82-10-9953-6018""}"	"[{""sku"":""WIDGET-211"",""qty"":3,""price"":49781}]"	"{""method"":""credit_card"",""currency"":""KRW"",""amount"":149343,""status"":""settled""}"	mobile
C687176	2025-03-07T19:55:54Z	"{""email"":""lee2542@example.jp"",""country"":""JP"",""phone"":""+81-90-6775-1087""}"	"[{""sku"":""WIDGET-200"",""qty"":2,""price"":1302}]"	"{""method"":""credit_card"",""currency"":""JPY"",""amount"":2604,""status"":""completed""}"	mobile
C693904	2025-03-07T00:20:12Z	"{""email"":""tanaka5667@example.jp"",""country"":""JP"",""phone"":""+81-90-3534-6039""}"	"[{""sku"":""WIDGET-147"",""qty"":3,""price"":11517}]"	"{""method"":""credit_card"",""currency"":""JPY"",""amount"":34551,""status"":""settled""}"	mobile
C691633	2025-03-07T10:10:34Z	"{""email"":""lee7628@example.kr"",""country"":""KR"",""phone"":""+82-10-9710-7261""}"	"[{""sku"":""WIDGET-198"",""qty"":3,""price"":157079}]"	"{""method"":""bank_transfer"",""currency"":""KRW"",""amount"":471237,""status"":""settled""}"	mobile
C695270	2025-03-07T17:20:50Z	"{""email"":""park5767@example.kr"",""country"":""KR"",""phone"":""+82-10-9192-5277""}"	"[{""sku"":""WIDGET-277"",""qty"":1,""price"":222593}]"	"{""method"":""credit_card"",""currency"":""KRW"",""amount"":222593,""status"":""completed""}"	mobile
C688326	2025-03-07T21:15:17Z	"{""email"":""park929@example.jp"",""country"":""JP"",""phone"":""+81-90-4453-4253""}"	"[{""sku"":""WIDGET-166"",""qty"":2,""price"":19311}]"	"{""method"":""bank_transfer"",""currency"":""JPY"",""amount"":38622,""status"":""settled""}"	tablet
C689074	2025-03-07T05:20:32Z	"{""email"":""kim2103@example.kr"",""country"":""KR"",""phone"":""+82-10-7753-5521""}"	"[{""sku"":""WIDGET-324"",""qty"":1,""price"":31893}]"	"{""method"":""mobile_wallet"",""currency"":""KRW"",""amount"":31893,""status"":""completed""}"	tablet
C695100	2025-03-07T07:30:03Z	"{""email"":""park914@example.kr"",""country"":""KR"",""phone"":""+82-10-7237-2689""}"	"[{""sku"":""WIDGET-230"",""qty"":4,""price"":105577}]"	"{""method"":""credit_card"",""currency"":""KRW"",""amount"":422308,""status"":""settled""}"	tablet
C686463	2025-03-07T00:20:57Z	"{""email"":""yamada9597@example.kr"",""country"":""KR"",""phone"":""+82-10-7097-3474""}"	"[{""sku"":""WIDGET-223"",""qty"":5,""price"":243231}]"	"{""method"":""credit_card"",""currency"":""KRW"",""amount"":1216155,""status"":""settled""}"	desktop
C695518	2025-03-07T07:00:06Z	"{""email"":""suzuki3248@example.kr"",""country"":""KR"",""phone"":""+82-10-4710-4008""}"	"[{""sku"":""WIDGET-305"",""qty"":2,""price"":131719}]"	"{""method"":""credit_card"",""currency"":""KRW"",""amount"":263438,""status"":""pending""}"	mobile
C689964	2025-03-07T07:45:50Z	"{""email"":""yamada4224@example.jp"",""country"":""JP"",""phone"":""+81-90-7242-3247""}"	"[{""sku"":""WIDGET-320"",""qty"":3,""price"":23335}]"	"{""method"":""mobile_wallet"",""currency"":""JPY"",""amount"":70005,""status"":""settled""}"	desktop
C688112	2025-03-07T05:50:33Z	"{""email"":""tanaka8138@example.jp"",""country"":""JP"",""phone"":""+81-90-7431-1941""}"	"[{""sku"":""WIDGET-210"",""qty"":1,""price"":10866}]"	"{""method"":""bank_transfer"",""currency"":""JPY"",""amount"":10866,""status"":""settled""}"	mobile
C689451	2025-03-07T10:30:18Z	"{""email"":""tanaka544@example.kr"",""country"":""KR"",""phone"":""+82-10-7462-1785""}"	"[{""sku"":""WIDGET-346"",""qty"":5,""price"":235016}]"	"{""method"":""bank_transfer"",""currency"":""KRW"",""amount"":1175080,""status"":""settled""}"	tablet
C687281	2025-03-07T08:45:53Z	"{""email"":""lee7531@example.jp"",""country"":""JP"",""phone"":""+81-90-1578-1890""}"	"[{""sku"":""WIDGET-334"",""qty"":1,""price"":2715}]"	"{""method"":""credit_card"",""currency"":""JPY"",""amount"":2715,""status"":""completed""}"	mobile
C693237	2025-03-07T01:25:20Z	"{""email"":""park3349@example.jp"",""country"":""JP"",""phone"":""+81-90-8476-9035""}"	"[{""sku"":""WIDGET-197"",""qty"":1,""price"":11379}]"	"{""method"":""credit_card"",""currency"":""JPY"",""amount"":11379,""status"":""completed""}"	mobile
C694935	2025-03-07T00:55:15Z	"{""email"":""lee8255@example.kr"",""country"":""KR"",""phone"":""+82-10-4799-1000""}"	"[{""sku"":""WIDGET-133"",""qty"":3,""price"":77734}]"	"{""method"":""credit_card"",""currency"":""KRW"",""amount"":233202,""status"":""completed""}"	tablet
C691198	2025-03-07T06:45:53Z	"{""email"":""suzuki1788@example.jp"",""country"":""JP"",""phone"":""+81-90-5351-3901""}"	"[{""sku"":""WIDGET-243"",""qty"":5,""price"":6743}]"	"{""method"":""mobile_wallet"",""currency"":""JPY"",""amount"":33715,""status"":""settled""}"	mobile
C686750	2025-03-07T08:20:45Z	"{""email"":""kim2522@example.kr"",""country"":""KR"",""phone"":""+82-10-3288-5541""}"	"[{""sku"":""WIDGET-197"",""qty"":3,""price"":87431}]"	"{""method"":""credit_card"",""currency"":""KRW"",""amount"":262293,""status"":""completed""}"	desktop
C696257	2025-03-07T21:40:26Z	"{""email"":""kim7741@example.jp"",""country"":""JP"",""phone"":""+81-90-5460-4596""}"	"[{""sku"":""WIDGET-285"",""qty"":1,""price"":19671}]"	"{""method"":""credit_card"",""currency"":""JPY"",""amount"":19671,""status"":""settled""}"	desktop
C694086	2025-03-07T03:55:53Z	"{""email"":""suzuki9121@example.kr"",""country"":""KR"",""phone"":""+82-10-4845-7848""}"	"[{""sku"":""WIDGET-325"",""qty"":3,""price"":31903}]"	"{""method"":""bank_transfer"",""currency"":""KRW"",""amount"":95709,""status"":""settled""}"	tablet
C696668	2025-03-07T18:55:01Z	"{""email"":""tanaka1386@example.jp"",""country"":""JP"",""phone"":""+81-90-5907-5304""}"	"[{""sku"":""WIDGET-290"",""qty"":2,""price"":9705}]"	"{""method"":""bank_transfer"",""currency"":""JPY"",""amount"":19410,""status"":""completed""}"	mobile
C692449	2025-03-07T05:05:55Z	"{""email"":""lee51@example.jp"",""country"":""JP"",""phone"":""+81-90-6838-7205""}"	"[{""sku"":""WIDGET-257"",""qty"":5,""price"":27307}]"	"{""method"":""mobile_wallet"",""currency"":""JPY"",""amount"":136535,""status"":""completed""}"	desktop
C686685	2025-03-07T03:45:50Z	"{""email"":""lee6593@example.jp"",""country"":""JP"",""phone"":""+81-90-3429-1132""}"	"[{""sku"":""WIDGET-397"",""qty"":4,""price"":29910}]"	"{""method"":""bank_transfer"",""currency"":""JPY"",""amount"":119640,""status"":""settled""}"	mobile
C694481	2025-03-07T15:50:55Z	"{""email"":""lee5997@example.jp"",""country"":""JP"",""phone"":""+81-90-8290-4496""}"	"[{""sku"":""WIDGET-198"",""qty"":1,""price"":12206}]"	"{""method"":""credit_card"",""currency"":""JPY"",""amount"":12206,""status"":""settled""}"	desktop
C694742	2025-03-07T06:30:22Z	"{""email"":""yamada5091@example.jp"",""country"":""JP"",""phone"":""+81-90-7199-9183""}"	"[{""sku"":""WIDGET-255"",""qty"":2,""price"":6273}]"	"{""method"":""bank_transfer"",""currency"":""JPY"",""amount"":12546,""status"":""settled""}"	tablet
C687831	2025-03-07T07:50:11Z	"{""email"":""park7988@example.kr"",""country"":""KR"",""phone"":""+82-10-4000-7641""}"	"[{""sku"":""WIDGET-256"",""qty"":2,""price"":71110}]"	"{""method"":""mobile_wallet"",""currency"":""KRW"",""amount"":142220,""status"":""settled""}"	desktop
C691882	2025-03-07T22:15:34Z	"{""email"":""lee7449@example.jp"",""country"":""JP"",""phone"":""+81-90-8880-8895""}"	"[{""sku"":""WIDGET-179"",""qty"":3,""price"":25143}]"	"{""method"":""mobile_wallet"",""currency"":""JPY"",""amount"":75429,""status"":""settled""}"	desktop
C690666	2025-03-07T20:55:40Z	"{""email"":""suzuki4677@example.kr"",""country"":""KR"",""phone"":""+82-10-8151-4714""}"	"[{""sku"":""WIDGET-309"",""qty"":4,""price"":209028}]"	"{""method"":""bank_transfer"",""currency"":""KRW"",""amount"":836112,""status"":""settled""}"	tablet
C690699	2025-03-07T14:05:00Z	"{""email"":""tanaka7593@example.kr"",""country"":""KR"",""phone"":""+82-10-6513-2234""}"	"[{""sku"":""WIDGET-284"",""qty"":4,""price"":187642}]"	"{""method"":""mobile_wallet"",""currency"":""KRW"",""amount"":750568,""status"":""completed""}"	desktop
C690334	2025-03-07T03:50:49Z	"{""email"":""kim4391@example.kr"",""country"":""KR"",""phone"":""+82-10-7254-2882""}"	"[{""sku"":""WIDGET-123"",""qty"":2,""price"":209296}]"	"{""method"":""mobile_wallet"",""currency"":""KRW"",""amount"":418592,""status"":""completed""}"	mobile
C689784	2025-03-07T12:45:08Z	"{""email"":""lee6272@example.kr"",""country"":""KR"",""phone"":""+82-10-8420-8389""}"	"[{""sku"":""WIDGET-392"",""qty"":4,""price"":122581}]"	"{""method"":""credit_card"",""currency"":""KRW"",""amount"":490324,""status"":""settled""}"	desktop
C693595	2025-03-07T19:25:03Z	"{""email"":""park4621@example.jp"",""country"":""JP"",""phone"":""+81-90-1051-3193""}"	"[{""sku"":""WIDGET-167"",""qty"":4,""price"":24452}]"	"{""method"":""bank_transfer"",""currency"":""JPY"",""amount"":97808,""status"":""settled""}"	desktop
C689838	2025-03-07T21:35:37Z	"{""email"":""kim6471@example.jp"",""country"":""JP"",""phone"":""+81-90-7510-8960""}"	"[{""sku"":""WIDGET-156"",""qty"":2,""price"":8933}]"	"{""method"":""bank_transfer"",""currency"":""JPY"",""amount"":17866,""status"":""settled""}"	tablet
C691463	2025-03-07T19:40:40Z	"{""email"":""yamada4348@example.jp"",""country"":""JP"",""phone"":""+81-90-4029-8562""}"	"[{""sku"":""WIDGET-343"",""qty"":3,""price"":24074}]"	"{""method"":""bank_transfer"",""currency"":""JPY"",""amount"":72222,""status"":""completed""}"	tablet
C687194	2025-03-07T22:25:30Z	"{""email"":""yamada2084@example.jp"",""country"":""JP"",""phone"":""+81-90-1368-6514""}"	"[{""sku"":""WIDGET-130"",""qty"":2,""price"":7096}]"	"{""method"":""mobile_wallet"",""currency"":""JPY"",""amount"":14192,""status"":""settled""}"	tablet
C692358	2025-03-07T20:16:01Z	"{""email"":""suzuki9399@example.kr"",""country"":""KR"",""phone"":""+82-10-4412-8730""}"	"[{""sku"":""WIDGET-103"",""qty"":4,""price"":163162}]"	"{""method"": ""mobile_wallet"", ""currency"": ""KRW"", ""amount"": 652648, ""status"": ""pending""}"	mobile
C692358	2025-03-07T20:46:01Z	"{""email"":""suzuki9399@example.kr"",""country"":""KR"",""phone"":""+82-10-4412-8730""}"	"[{""sku"":""WIDGET-103"",""qty"":4,""price"":163162}]"	"{""method"": ""mobile_wallet"", ""currency"": ""KRW"", ""amount"": 652648, ""status"": ""settled""}"	mobile
C694906	2025-03-07T20:05:14Z	"{""email"":""suzuki544@example.kr"",""country"":""KR"",""phone"":""+82-10-9037-1459""}"	"[{""sku"":""WIDGET-249"",""qty"":4,""price"":11216}]"	"{""method"": ""bank_transfer"", ""currency"": ""KRW"", ""amount"": 44864, ""status"": ""pending""}"	desktop
C694906	2025-03-07T20:34:14Z	"{""email"":""suzuki544@example.kr"",""country"":""KR"",""phone"":""+82-10-9037-1459""}"	"[{""sku"":""WIDGET-249"",""qty"":4,""price"":11216}]"	"{""method"": ""bank_transfer"", ""currency"": ""KRW"", ""amount"": 44864, ""status"": ""settled""}"	desktop
C688963	2025-03-07T20:18:50Z	"{""email"":""yamada3381@example.jp"",""country"":""JP"",""phone"":""+81-90-2538-5255""}"	"[{""sku"":""WIDGET-281"",""qty"":4,""price"":17260}]"	"{""method"": ""mobile_wallet"", ""currency"": ""JPY"", ""amount"": 69040, ""status"": ""settled""}"	tablet
C690984	2025-03-07T20:32:30Z	"{""email"":""yamada798@example.jp"",""country"":""JP"",""phone"":""+81-90-8520-4054""}"	"[{""sku"":""WIDGET-392"",""qty"":4,""price"":16206}]"	"{""method"": ""bank_transfer"", ""currency"": ""JPY"", ""amount"": 64824, ""status"": ""pending""}"	desktop
C690984	2025-03-07T20:44:30Z	"{""email"":""yamada798@example.jp"",""country"":""JP"",""phone"":""+81-90-8520-4054""}"	"[{""sku"":""WIDGET-392"",""qty"":4,""price"":16206}]"	"{""method"": ""bank_transfer"", ""currency"": ""JPY"", ""amount"": 64824, ""status"": ""completed""}"	desktop
C695686	2025-03-07T20:22:49Z	"{""email"":""tanaka2461@example.jp"",""country"":""JP"",""phone"":""+81-90-5037-2996""}"	"[{""sku"":""WIDGET-111"",""qty"":1,""price"":16243}]"	"{""method"": ""bank_transfer"", ""currency"": ""JPY"", ""amount"": 16243, ""status"": ""settled""}"	mobile
C695640	2025-03-07T20:00:39Z	"{""email"":""lee1468@example.kr"",""country"":""KR"",""phone"":""+82-10-8581-8042""}"	"[{""sku"":""WIDGET-387"",""qty"":3,""price"":133970}]"	"{""method"": ""bank_transfer"", ""currency"": ""KRW"", ""amount"": 401910, ""status"": ""completed""}"	desktop
C695640	2025-03-07T20:10:39Z	"{""email"":""lee1468@example.kr"",""country"":""KR"",""phone"":""+82-10-8581-8042""}"	"[{""sku"":""WIDGET-387"",""qty"":3,""price"":133970}]"	"{""method"": ""bank_transfer"", ""currency"": ""KRW"", ""amount"": 401910, ""status"": ""settled""}"	desktop
C687309	2025-03-07T20:49:55Z	"{""email"":""park1959@example.jp"",""country"":""JP"",""phone"":""+81-90-8212-1039""}"	"[{""sku"":""WIDGET-158"",""qty"":2,""price"":12069}]"	"{""method"": ""mobile_wallet"", ""currency"": ""JPY"", ""amount"": 24138, ""status"": ""completed""}"	tablet
C696087	2025-03-07T20:16:36Z	"{""email"":""tanaka3653@example.kr"",""country"":""KR"",""phone"":""+82-10-5939-8276""}"	"[{""sku"":""WIDGET-125"",""qty"":2,""price"":123694}]"	"{""method"": ""bank_transfer"", ""currency"": ""KRW"", ""amount"": 247388, ""status"": ""settled""}"	mobile
C694974	2025-03-07T20:04:35Z	"{""email"":""park3554@example.jp"",""country"":""JP"",""phone"":""+81-90-6952-4807""}"	"[{""sku"":""WIDGET-197"",""qty"":1,""price"":8854}]"	"{""method"": ""credit_card"", ""currency"": ""JPY"", ""amount"": 8854, ""status"": ""completed""}"	desktop
C694974	2025-03-07T20:15:35Z	"{""email"":""park3554@example.jp"",""country"":""JP"",""phone"":""+81-90-6952-4807""}"	"[{""sku"":""WIDGET-197"",""qty"":1,""price"":8854}]"	"{""method"": ""credit_card"", ""currency"": ""JPY"", ""amount"": 8854, ""status"": ""settled""}"	desktop
C689590	2025-03-07T20:55:42Z	"{""email"":""park3954@example.jp"",""country"":""JP"",""phone"":""+81-90-1439-2617""}"	"[{""sku"":""WIDGET-382"",""qty"":4,""price"":20204}]"	"{""method"": ""credit_card"", ""currency"": ""JPY"", ""amount"": 80816, ""status"": ""completed""}"	tablet
C694970	2025-03-07T20:10:08Z	"{""email"":""yamada7962@example.kr"",""country"":""KR"",""phone"":""+82-10-6763-1688""}"	"[{""sku"":""WIDGET-222"",""qty"":4,""price"":22297}]"	"{""method"": ""credit_card"", ""currency"": ""KRW"", ""amount"": 89188, ""status"": ""settled""}"	tablet
C687262	2025-03-07T20:50:24Z	"{""email"":""park2347@example.kr"",""country"":""KR"",""phone"":""+82-10-6450-4148""}"	"[{""sku"":""WIDGET-289"",""qty"":5,""price"":75216}]"	"{""method"": ""credit_card"", ""currency"": ""KRW"", ""amount"": 376080, ""status"": ""completed""}"	tablet
C691870	2025-03-07T20:01:25Z	"{""email"":""yamada9909@example.kr"",""country"":""KR"",""phone"":""+82-10-5170-5075""}"	"[{""sku"":""WIDGET-313"",""qty"":2,""price"":125928}]"	"{""method"": ""credit_card"", ""currency"": ""KRW"", ""amount"": 251856, ""status"": ""settled""}"	mobile
C690469	2025-03-07T20:54:54Z	"{""email"":""tanaka2821@example.jp"",""country"":""JP"",""phone"":""+81-90-3986-9907""}"	"[{""sku"":""WIDGET-255"",""qty"":1,""price"":21698}]"	"{""method"": ""mobile_wallet"", ""currency"": ""JPY"", ""amount"": 21698, ""status"": ""pending""}"	desktop
C695750	2025-03-07T20:39:38Z	"{""email"":""yamada8796@example.jp"",""country"":""JP"",""phone"":""+81-90-4394-7373""}"	"[{""sku"":""WIDGET-306"",""qty"":5,""price"":13066}]"	"{""method"": ""credit_card"", ""currency"": ""JPY"", ""amount"": 65330, ""status"": ""settled""}"	mobile
C694772	2025-03-07T20:02:53Z	"{""email"":""kim6095@example.jp"",""country"":""JP"",""phone"":""+81-90-9799-3932""}"	"[{""sku"":""WIDGET-268"",""qty"":3,""price"":24038}]"	"{""method"": ""bank_transfer"", ""currency"": ""JPY"", ""amount"": 72114, ""status"": ""pending""}"	desktop
C694772	2025-03-07T20:13:53Z	"{""email"":""kim6095@example.jp"",""country"":""JP"",""phone"":""+81-90-9799-3932""}"	"[{""sku"":""WIDGET-268"",""qty"":3,""price"":24038}]"	"{""method"": ""bank_transfer"", ""currency"": ""JPY"", ""amount"": 72114, ""status"": ""completed""}"	desktop
C691463	2025-03-07T20:00:40Z	"{""email"":""yamada4348@example.jp"",""country"":""JP"",""phone"":""+81-90-4029-8562""}"	"[{""sku"":""WIDGET-343"",""qty"":3,""price"":24074}]"	"{""method"": ""bank_transfer"", ""currency"": ""JPY"", ""amount"": 72222, ""status"": ""settled""}"	tablet
C689069	2025-03-07T20:18:10Z	"{""email"":""lee4231@example.kr"",""country"":""KR"",""phone"":""+82-10-2360-6270""}"	"[{""sku"":""WIDGET-377"",""qty"":5,""price"":96893}]"	"{""method"": ""bank_transfer"", ""currency"": ""KRW"", ""amount"": 484465, ""status"": ""pending""}"	tablet
C687564	2025-03-07T20:03:49Z	"{""email"":""yamada4914@example.kr"",""country"":""KR"",""phone"":""+82-10-8170-9380""}"	"[{""sku"":""WIDGET-324"",""qty"":3,""price"":203567}]"	"{""method"": ""mobile_wallet"", ""currency"": ""KRW"", ""amount"": 610701, ""status"": ""completed""}"	tablet
C687692	2025-03-07T20:19:01Z	"{""email"":""kim7299@example.kr"",""country"":""KR"",""phone"":""+82-10-1826-1391""}"	"[{""sku"":""WIDGET-299"",""qty"":3,""price"":213588}]"	"{""method"": ""mobile_wallet"", ""currency"": ""KRW"", ""amount"": 640764, ""status"": ""completed""}"	mobile
C687692	2025-03-07T20:26:01Z	"{""email"":""kim7299@example.kr"",""country"":""KR"",""phone"":""+82-10-1826-1391""}"	"[{""sku"":""WIDGET-299"",""qty"":3,""price"":213588}]"	"{""method"": ""mobile_wallet"", ""currency"": ""KRW"", ""amount"": 640764, ""status"": ""settled""}"	mobile
C694028	2025-03-07T20:17:43Z	"{""email"":""tanaka7476@example.kr"",""country"":""KR"",""phone"":""+82-10-3184-3632""}"	"[{""sku"":""WIDGET-153"",""qty"":3,""price"":162314}]"	"{""method"": ""bank_transfer"", ""currency"": ""KRW"", ""amount"": 486942, ""status"": ""completed""}"	tablet
C693557	2025-03-07T20:57:58Z	"{""email"":""yamada1141@example.jp"",""country"":""JP""}"	"[{""sku"":""WIDGET-236"",""qty"":1,""price"":12024}]"	"{""method"": ""credit_card"", ""currency"": ""JPY"", ""amount"": 12024, ""status"": ""settled""}"	mobile
C696837	2025-03-07T20:15:51Z	"{""email"":""park9311@example.jp"",""country"":""JP"",""phone"":""+81-90-9218-5454""}"	"[{""sku"":""WIDGET-225"",""qty"":1,""price"":6034}]"	"{""method"": ""bank_transfer"", ""currency"": ""JPY"", ""amount"": 6034, ""status"": ""pending""}"	mobile
C696837	2025-03-07T20:40:51Z	"{""email"":""park9311@example.jp"",""country"":""JP"",""phone"":""+81-90-9218-5454""}"	"[{""sku"":""WIDGET-225"",""qty"":1,""price"":6034}]"	"{""method"": ""bank_transfer"", ""currency"": ""JPY"", ""amount"": 6034, ""status"": ""settled""}"	mobile
C690079	2025-03-07T20:47:14Z	"{""email"":""suzuki4703@example.jp"",""country"":""JP"",""phone"":""+81-90-6579-6951""}"	"[{""sku"":""WIDGET-211"",""qty"":3,""price"":26178}]"	"{""method"": ""credit_card"", ""currency"": ""JPY"", ""amount"": 78534, ""status"": ""pending""}"	tablet
C690079	2025-03-07T20:55:14Z	"{""email"":""suzuki4703@example.jp"",""country"":""JP"",""phone"":""+81-90-6579-6951""}"	"[{""sku"":""WIDGET-211"",""qty"":3,""price"":26178}]"	"{""method"": ""credit_card"", ""currency"": ""JPY"", ""amount"": 78534, ""status"": ""completed""}"	tablet
C693336	2025-03-07T20:11:39Z	"{""email"":""lee8697@example.kr"",""country"":""KR"",""phone"":""+82-10-2837-6299""}"	"[{""sku"":""WIDGET-125"",""qty"":2,""price"":48430}]"	"{""method"": ""credit_card"", ""currency"": ""KRW"", ""amount"": 96860, ""status"": ""completed""}"	desktop
C686417	2025-03-07T20:51:31Z	"{""email"":""suzuki5272@example.jp"",""country"":""JP"",""phone"":""+81-90-1692-1949""}"	"[{""sku"":""WIDGET-195"",""qty"":1,""price"":6497}]"	"{""method"": ""mobile_wallet"", ""currency"": ""JPY"", ""amount"": 6497, ""status"": ""completed""}"	tablet
C686599	2025-03-07T20:15:53Z	"{""email"":""tanaka6553@example.kr"",""country"":""KR"",""phone"":""+82-10-4594-7020""}"	"[{""sku"":""WIDGET-260"",""qty"":3,""price"":37034}]"	"{""method"": ""mobile_wallet"", ""currency"": ""KRW"", ""amount"": 111102, ""status"": ""pending""}"	desktop
C694626	2025-03-07T20:14:16Z	"{""email"":""tanaka1550@example.jp"",""country"":""JP"",""phone"":""+81-90-9612-7062""}"	"[{""sku"":""WIDGET-321"",""qty"":3,""price"":20479}]"	"{""method"": ""mobile_wallet"", ""currency"": ""JPY"", ""amount"": 61437, ""status"": ""pending""}"	tablet
C695971	2025-03-07T20:51:17Z	"{""email"":""tanaka1808@example.jp"",""country"":""JP"",""phone"":""+81-90-3885-3990""}"	"[{""sku"":""WIDGET-151"",""qty"":4,""price"":16141}]"	"{""method"": ""bank_transfer"", ""currency"": ""JPY"", ""amount"": 64564, ""status"": ""pending""}"	mobile
C687849	2025-03-07T20:47:22Z	"{""email"":""lee6536@example.jp"",""country"":""JP"",""phone"":""+81-90-4748-9336""}"	"[{""sku"":""WIDGET-239"",""qty"":5,""price"":14935}]"	"{""method"": ""mobile_wallet"", ""currency"": ""JPY"", ""amount"": 74675, ""status"": ""pending""}"	desktop
C687849	2025-03-07T20:55:22Z	"{""email"":""lee6536@example.jp"",""country"":""JP"",""phone"":""+81-90-4748-9336""}"	"[{""sku"":""WIDGET-239"",""qty"":5,""price"":14935}]"	"{""method"": ""mobile_wallet"", ""currency"": ""JPY"", ""amount"": 74675, ""status"": ""completed""}"	desktop
C694124	2025-03-07T20:26:00Z	"{""email"":""kim2572@example.jp"",""country"":""JP"",""phone"":""+81-90-6118-2642""}"	"[{""sku"":""WIDGET-236"",""qty"":2,""price"":1160}]"	"{""method"": ""bank_transfer"", ""currency"": ""JPY"", ""amount"": 2320, ""status"": ""pending""}"	mobile
C696653	2025-03-07T20:19:03Z	"{""email"":""park728@example.jp"",""country"":""JP"",""phone"":""+81-90-9879-2753""}"	"[{""sku"":""WIDGET-174"",""qty"":2,""price"":3955}]"	"{""method"": ""mobile_wallet"", ""currency"": ""JPY"", ""amount"": 7910, ""status"": ""pending""}"	desktop
C694256	2025-03-07T20:28:02Z	"{""email"":""yamada608@example.jp"",""country"":""JP"",""phone"":""+81-90-1137-3797""}"	"[{""sku"":""WIDGET-202"",""qty"":3,""price"":19166}]"	"{""method"": ""credit_card"", ""currency"": ""JPY"", ""amount"": 57498, ""status"": ""pending""}"	desktop
C693445	2025-03-07T20:58:34Z	"{""email"":""suzuki9394@example.jp"",""country"":""JP"",""phone"":""+81-90-7667-3647""}"	"[{""sku"":""WIDGET-259"",""qty"":4,""price"":9595}]"	"{""method"": ""bank_transfer"", ""currency"": ""JPY"", ""amount"": 38380, ""status"": ""pending""}"	desktop
C690335	2025-03-07T20:05:42Z	"{""email"":""park8364@example.jp"",""country"":""JP"",""phone"":""+81-90-9791-1657""}"	"[{""sku"":""WIDGET-148"",""qty"":2,""price"":14020}]"	"{""method"": ""credit_card"", ""currency"": ""JPY"", ""amount"": 28040, ""status"": ""pending""}"	desktop
C687475	2025-03-07T20:20:03Z	"{""email"":""kim2097@example.kr"",""country"":""KR"",""phone"":""+82-10-3532-4250""}"	"[{""sku"":""WIDGET-177"",""qty"":5,""price"":45027}]"	"{""method"": ""credit_card"", ""currency"": ""KRW"", ""amount"": 225135, ""status"": ""completed""}"	mobile
C686540	2025-03-07T20:22:57Z	"{""email"":""kim5416@example.jp"",""country"":""JP"",""phone"":""+81-90-1898-1364""}"	"[{""sku"":""WIDGET-382"",""qty"":3,""price"":13360}]"	"{""method"": ""credit_card"", ""currency"": ""JPY"", ""amount"": 40080, ""status"": ""pending""}"	mobile
C686540	2025-03-07T20:39:57Z	"{""email"":""kim5416@example.jp"",""country"":""JP"",""phone"":""+81-90-1898-1364""}"	"[{""sku"":""WIDGET-382"",""qty"":3,""price"":13360}]"	"{""method"": ""credit_card"", ""currency"": ""JPY"", ""amount"": 40080, ""status"": ""settled""}"	mobile
C694033	2025-03-07T20:33:12Z	"{""email"":""park440@example.kr"",""country"":""KR"",""phone"":""+82-10-2649-7264""}"	"[{""sku"":""WIDGET-110"",""qty"":2,""price"":235058}]"	"{""method"": ""credit_card"", ""currency"": ""KRW"", ""amount"": 470116, ""status"": ""completed""}"	desktop
C694033	2025-03-07T20:41:12Z	"{""email"":""park440@example.kr"",""country"":""KR"",""phone"":""+82-10-2649-7264""}"	"[{""sku"":""WIDGET-110"",""qty"":2,""price"":235058}]"	"{""method"": ""credit_card"", ""currency"": ""KRW"", ""amount"": 470116, ""status"": ""settled""}"	desktop
C693367	2025-03-07T20:41:45Z	"{""email"":""yamada4147@example.jp"",""country"":""JP"",""phone"":""+81-90-6007-4301""}"	"[{""sku"":""WIDGET-127"",""qty"":2,""price"":3250}]"	"{""method"": ""credit_card"", ""currency"": ""JPY"", ""amount"": 6500, ""status"": ""settled""}"	mobile
C686414	2025-03-07T20:18:40Z	"{""email"":""yamada8316@example.kr"",""country"":""KR"",""phone"":""+82-10-2770-6397""}"	"[{""sku"":""WIDGET-283"",""qty"":1,""price"":12299}]"	"{""method"": ""bank_transfer"", ""currency"": ""KRW"", ""amount"": 12299, ""status"": ""pending""}"	desktop
C686414	2025-03-07T20:53:40Z	"{""email"":""yamada8316@example.kr"",""country"":""KR"",""phone"":""+82-10-2770-6397""}"	"[{""sku"":""WIDGET-283"",""qty"":1,""price"":12299}]"	"{""method"": ""bank_transfer"", ""currency"": ""KRW"", ""amount"": 12299, ""status"": ""settled""}"	desktop
C694323	2025-03-07T20:30:04Z	"{""email"":""park3038@example.jp"",""country"":""JP"",""phone"":""+81-90-3576-1218""}"	"[{""sku"":""WIDGET-114"",""qty"":1,""price"":8910}]"	"{""method"": ""credit_card"", ""currency"": ""JPY"", ""amount"": 8910, ""status"": ""pending""}"	tablet
C692647	2025-03-07T20:43:48Z	"{""email"":""suzuki7831@example.kr"",""country"":""KR"",""phone"":""+82-10-5895-7475""}"	"[{""sku"":""WIDGET-238"",""qty"":3,""price"":45815}]"	"{""method"": ""mobile_wallet"", ""currency"": ""KRW"", ""amount"": 137445, ""status"": ""pending""}"	mobile
C687784	2025-03-07T20:24:00Z	"{""email"":""lee6152@example.jp"",""country"":""JP"",""phone"":""+81-90-5455-6426""}"	"[{""sku"":""WIDGET-150"",""qty"":5,""price"":3305}]"	"{""method"": ""mobile_wallet"", ""currency"": ""JPY"", ""amount"": 16525, ""status"": ""pending""}"	mobile
C687784	2025-03-07T20:30:00Z	"{""email"":""lee6152@example.jp"",""country"":""JP"",""phone"":""+81-90-5455-6426""}"	"[{""sku"":""WIDGET-150"",""qty"":5,""price"":3305}]"	"{""method"": ""mobile_wallet"", ""currency"": ""JPY"", ""amount"": 16525, ""status"": ""completed""}"	mobile
C695797	2025-03-07T20:04:51Z	"{""email"":""park916@example.jp"",""country"":""JP"",""phone"":""+81-90-9395-6080""}"	"[{""sku"":""WIDGET-233"",""qty"":1,""price"":13511}]"	"{""method"": ""bank_transfer"", ""currency"": ""JPY"", ""amount"": 13511, ""status"": ""completed""}"	mobile
C690095	2025-03-07T20:28:17Z	"{""email"":""park7693@example.kr"",""country"":""KR"",""phone"":""+82-10-3676-2019""}"	"[{""sku"":""WIDGET-195"",""qty"":1,""price"":18736}]"	"{""method"": ""credit_card"", ""currency"": ""KRW"", ""amount"": 18736, ""status"": ""pending""}"	desktop
C690273	2025-03-07T20:54:28Z	"{""email"":""tanaka7297@example.jp"",""country"":""JP"",""phone"":""+81-90-8900-5177""}"	"[{""sku"":""WIDGET-110"",""qty"":1,""price"":27906}]"	"{""method"": ""mobile_wallet"", ""currency"": ""JPY"", ""amount"": 27906, ""status"": ""pending""}"	mobile
C689292	2025-03-07T20:24:21Z	"{""email"":""yamada7852@example.kr"",""country"":""KR"",""phone"":""+82-10-4704-4177""}"	"[{""sku"":""WIDGET-197"",""qty"":1,""price"":106098}]"	"{""method"": ""bank_transfer"", ""currency"": ""KRW"", ""amount"": 106098, ""status"": ""pending""}"	mobile
C689292	2025-03-07T20:54:21Z	"{""email"":""yamada7852@example.kr"",""country"":""KR"",""phone"":""+82-10-4704-4177""}"	"[{""sku"":""WIDGET-197"",""qty"":1,""price"":106098}]"	"{""method"": ""bank_transfer"", ""currency"": ""KRW"", ""amount"": 106098, ""status"": ""settled""}"	mobile
C690666	2025-03-07T20:39:40Z	"{""email"":""suzuki4677@example.kr"",""country"":""KR"",""phone"":""+82-10-8151-4714""}"	"[{""sku"":""WIDGET-309"",""qty"":4,""price"":209028}]"	"{""method"": ""bank_transfer"", ""currency"": ""KRW"", ""amount"": 836112, ""status"": ""pending""}"	tablet
C695946	2025-03-07T20:12:08Z	"{""email"":""park4807@example.jp"",""country"":""JP"",""phone"":""+81-90-4343-6774""}"	"[{""sku"":""WIDGET-180"",""qty"":2,""price"":11790}]"	"{""method"": ""credit_card"", ""currency"": ""JPY"", ""amount"": 23580, ""status"": ""completed""}"	tablet
C695582	2025-03-07T20:02:12Z	"{""email"":""yamada6139@example.jp"",""country"":""JP"",""phone"":""+81-90-7286-9356""}"	"[{""sku"":""WIDGET-316"",""qty"":2,""price"":21522}]"	"{""method"": ""credit_card"", ""currency"": ""JPY"", ""amount"": 43044, ""status"": ""completed""}"	desktop
C690051	2025-03-07T20:07:48Z	"{""email"":""park2899@example.kr"",""country"":""KR"",""phone"":""+82-10-5709-1223""}"	"[{""sku"":""WIDGET-298"",""qty"":5,""price"":94998}]"	"{""method"": ""credit_card"", ""currency"": ""KRW"", ""amount"": 474990, ""status"": ""pending""}"	tablet
C690051	2025-03-07T20:34:48Z	"{""email"":""park2899@example.kr"",""country"":""KR"",""phone"":""+82-10-5709-1223""}"	"[{""sku"":""WIDGET-298"",""qty"":5,""price"":94998}]"	"{""method"": ""credit_card"", ""currency"": ""KRW"", ""amount"": 474990, ""status"": ""settled""}"	tablet
C691733	2025-03-07T20:10:05Z	"{""email"":""park7198@example.jp"",""country"":""JP"",""phone"":""+81-90-6107-5692""}"	"[{""sku"":""WIDGET-116"",""qty"":1,""price"":19101}]"	"{""method"": ""credit_card"", ""currency"": ""JPY"", ""amount"": 19101, ""status"": ""pending""}"	desktop
C691733	2025-03-07T20:15:05Z	"{""email"":""park7198@example.jp"",""country"":""JP"",""phone"":""+81-90-6107-5692""}"	"[{""sku"":""WIDGET-116"",""qty"":1,""price"":19101}]"	"{""method"": ""credit_card"", ""currency"": ""JPY"", ""amount"": 19101, ""status"": ""completed""}"	desktop
C695418	2025-03-07T20:43:48Z	"{""email"":""lee1769@example.kr"",""country"":""KR"",""phone"":""+82-10-8530-5385""}"	"[{""sku"":""WIDGET-117"",""qty"":5,""price"":33243}]"	"{""method"": ""bank_transfer"", ""currency"": ""KRW"", ""amount"": 166215, ""status"": ""pending""}"	mobile
C695418	2025-03-07T20:47:48Z	"{""email"":""lee1769@example.kr"",""country"":""KR"",""phone"":""+82-10-8530-5385""}"	"[{""sku"":""WIDGET-117"",""qty"":5,""price"":33243}]"	"{""method"": ""bank_transfer"", ""currency"": ""KRW"", ""amount"": 166215, ""status"": ""completed""}"	mobile
C692253	2025-03-07T20:00:23Z	"{""email"":""lee9540@example.kr"",""country"":""KR"",""phone"":""+82-10-7864-5624""}"	"[{""sku"":""WIDGET-313"",""qty"":4,""price"":40045}]"	"{""method"": ""bank_transfer"", ""currency"": ""KRW"", ""amount"": 160180, ""status"": ""settled""}"	tablet
C693634	2025-03-07T20:40:48Z	"{""email"":""tanaka1076@example.jp"",""country"":""JP"",""phone"":""+81-90-3669-8896""}"	"[{""sku"":""WIDGET-260"",""qty"":1,""price"":5345}]"	"{""method"": ""bank_transfer"", ""currency"": ""JPY"", ""amount"": 5345, ""status"": ""pending""}"	mobile
C693634	2025-03-07T20:52:48Z	"{""email"":""tanaka1076@example.jp"",""country"":""JP"",""phone"":""+81-90-3669-8896""}"	"[{""sku"":""WIDGET-260"",""qty"":1,""price"":5345}]"	"{""method"": ""bank_transfer"", ""currency"": ""JPY"", ""amount"": 5345, ""status"": ""completed""}"	mobile
C686567	2025-03-07T20:18:38Z	"{""email"":""tanaka6469@example.kr"",""country"":""KR"",""phone"":""+82-10-3759-6501""}"	"[{""sku"":""WIDGET-276"",""qty"":5,""price"":126116}]"	"{""method"": ""bank_transfer"", ""currency"": ""KRW"", ""amount"": 630580, ""status"": ""pending""}"	tablet
C686567	2025-03-07T20:28:38Z	"{""email"":""tanaka6469@example.kr"",""country"":""KR"",""phone"":""+82-10-3759-6501""}"	"[{""sku"":""WIDGET-276"",""qty"":5,""price"":126116}]"	"{""method"": ""bank_transfer"", ""currency"": ""KRW"", ""amount"": 630580, ""status"": ""completed""}"	tablet
C687518	2025-03-07T20:54:34Z	"{""email"":""kim6405@example.kr"",""country"":""KR"",""phone"":""+82-10-1569-6069""}"	"[{""sku"":""WIDGET-389"",""qty"":1,""price"":178386}]"	"{""method"": ""bank_transfer"", ""currency"": ""KRW"", ""amount"": 178386, ""status"": ""pending""}"	mobile
C690566	2025-03-07T20:10:24Z	"{""email"":""lee576@example.jp"",""country"":""JP"",""phone"":""+81-90-9074-2678""}"	"[{""sku"":""WIDGET-170"",""qty"":5,""price"":753}]"	"{""method"": ""credit_card"", ""currency"": ""JPY"", ""amount"": 3765, ""status"": ""pending""}"	desktop
C692503	2025-03-07T20:37:54Z	"{""email"":""yamada5502@example.jp"",""country"":""JP"",""phone"":""+81-90-3864-4080""}"	"[{""sku"":""WIDGET-380"",""qty"":1,""price"":5734}]"	"{""method"": ""mobile_wallet"", ""currency"": ""JPY"", ""amount"": 5734, ""status"": ""pending""}"	tablet
C692503	2025-03-07T20:42:54Z	"{""email"":""yamada5502@example.jp"",""country"":""JP"",""phone"":""+81-90-3864-4080""}"	"[{""sku"":""WIDGET-380"",""qty"":1,""price"":5734}]"	"{""method"": ""mobile_wallet"", ""currency"": ""JPY"", ""amount"": 5734, ""status"": ""completed""}"	tablet
C691729	2025-03-07T20:32:41Z	"{""email"":""kim5304@example.kr"",""country"":""KR""}"	"[{""sku"":""WIDGET-121"",""qty"":4,""price"":197253}]"	"{""method"": ""credit_card"", ""currency"": ""KRW"", ""amount"": 789012, ""status"": ""pending""}"	mobile
C688685	2025-03-07T20:20:13Z	"{""email"":""kim9316@example.jp"",""country"":""JP"",""phone"":""+81-90-6670-1171""}"	"[{""sku"":""WIDGET-192"",""qty"":2,""price"":20544}]"	"{""method"": ""bank_transfer"", ""currency"": ""JPY"", ""amount"": 41088, ""status"": ""pending""}"	tablet
C688685	2025-03-07T20:53:13Z	"{""email"":""kim9316@example.jp"",""country"":""JP"",""phone"":""+81-90-6670-1171""}"	"[{""sku"":""WIDGET-192"",""qty"":2,""price"":20544}]"	"{""method"": ""bank_transfer"", ""currency"": ""JPY"", ""amount"": 41088, ""status"": ""settled""}"	tablet
C686596	2025-03-07T20:24:09Z	"{""email"":""lee3652@example.kr"",""country"":""KR"",""phone"":""+82-10-7453-9856""}"	"[{""sku"":""WIDGET-229"",""qty"":4,""price"":192708}]"	"{""method"": ""mobile_wallet"", ""currency"": ""KRW"", ""amount"": 770832, ""status"": ""completed""}"	tablet
C687989	2025-03-07T20:20:51Z	"{""email"":""yamada1153@example.kr"",""country"":""KR"",""phone"":""+82-10-3327-4812""}"	"[{""sku"":""WIDGET-269"",""qty"":3,""price"":88767}]"	"{""method"": ""mobile_wallet"", ""currency"": ""KRW"", ""amount"": 266301, ""status"": ""settled""}"	mobile
C691767	2025-03-07T20:37:20Z	"{""email"":""park4925@example.jp"",""country"":""JP"",""phone"":""+81-90-1977-6134""}"	"[{""sku"":""WIDGET-354"",""qty"":2,""price"":20045}]"	"{""method"": ""mobile_wallet"", ""currency"": ""JPY"", ""amount"": 40090, ""status"": ""pending""}"	tablet
C692617	2025-03-07T20:21:36Z	"{""email"":""suzuki402@example.kr"",""country"":""KR"",""phone"":""+82-10-1000-4606""}"	"[{""sku"":""WIDGET-230"",""qty"":5,""price"":207286}]"	"{""method"": ""mobile_wallet"", ""currency"": ""KRW"", ""amount"": 1036430, ""status"": ""pending""}"	mobile
C696235	2025-03-07T20:23:13Z	"{""email"":""yamada6398@example.jp"",""country"":""JP"",""phone"":""+81-90-6613-2342""}"	"[{""sku"":""WIDGET-315"",""qty"":1,""price"":29453}]"	"{""method"": ""bank_transfer"", ""currency"": ""JPY"", ""amount"": 29453, ""status"": ""settled""}"	tablet
C686930	2025-03-07T20:03:28Z	"{""email"":""yamada651@example.kr"",""country"":""KR"",""phone"":""+82-10-4913-7692""}"	"[{""sku"":""WIDGET-341"",""qty"":5,""price"":30908}]"	"{""method"": ""mobile_wallet"", ""currency"": ""KRW"", ""amount"": 154540, ""status"": ""completed""}"	mobile
C692862	2025-03-07T20:50:09Z	"{""email"":""tanaka7575@example.kr"",""country"":""KR"",""phone"":""+82-10-3599-7800""}"	"[{""sku"":""WIDGET-227"",""qty"":2,""price"":119201}]"	"{""method"": ""credit_card"", ""currency"": ""KRW"", ""amount"": 238402, ""status"": ""completed""}"	mobile
C688054	2025-03-07T20:29:42Z	"{""email"":""kim3880@example.jp"",""country"":""JP"",""phone"":""+81-90-2313-3041""}"	"[{""sku"":""WIDGET-282"",""qty"":1,""price"":29256}]"	"{""method"": ""mobile_wallet"", ""currency"": ""JPY"", ""amount"": 29256, ""status"": ""pending""}"	desktop
C692166	2025-03-07T20:21:16Z	"{""email"":""park1528@example.jp"",""country"":""JP"",""phone"":""+81-90-9600-7021""}"	"[{""sku"":""WIDGET-314"",""qty"":1,""price"":3410}]"	"{""method"": ""bank_transfer"", ""currency"": ""JPY"", ""amount"": 3410, ""status"": ""completed""}"	mobile
C689930	2025-03-07T20:25:27Z	"{""email"":""kim3143@example.jp"",""country"":""JP"",""phone"":""+81-90-7796-6508""}"	"[{""sku"":""WIDGET-158"",""qty"":2,""price"":27008}]"	"{""method"": ""mobile_wallet"", ""currency"": ""JPY"", ""amount"": 54016, ""status"": ""pending""}"	desktop
C696248	2025-03-07T20:07:17Z	"{""email"":""lee8668@example.kr"",""country"":""KR"",""phone"":""+82-10-6796-5300""}"	"[{""sku"":""WIDGET-339"",""qty"":3,""price"":256994}]"	"{""method"": ""credit_card"", ""currency"": ""KRW"", ""amount"": 770982, ""status"": ""pending""}"	desktop
C693157	2025-03-07T20:20:51Z	"{""email"":""yamada2658@example.jp"",""country"":""JP"",""phone"":""+81-90-7781-4715""}"	"[{""sku"":""WIDGET-361"",""qty"":4,""price"":15502}]"	"{""method"": ""bank_transfer"", ""currency"": ""JPY"", ""amount"": 62008, ""status"": ""pending""}"	desktop
C690162	2025-03-07T20:01:33Z	"{""email"":""tanaka7052@example.jp"",""country"":""JP"",""phone"":""+81-90-7327-5152""}"	"[{""sku"":""WIDGET-112"",""qty"":1,""price"":3120}]"	"{""method"": ""mobile_wallet"", ""currency"": ""JPY"", ""amount"": 3120, ""status"": ""completed""}"	mobile
C691892	2025-03-07T20:15:07Z	"{""email"":""park9499@example.jp"",""country"":""JP"",""phone"":""+81-90-1486-4325""}"	"[{""sku"":""WIDGET-365"",""qty"":2,""price"":20545}]"	"{""method"": ""bank_transfer"", ""currency"": ""JPY"", ""amount"": 41090, ""status"": ""settled""}"	mobile
C693171	2025-03-07T20:53:38Z	"{""email"":""suzuki2604@example.kr"",""country"":""KR""}"	"[{""sku"":""WIDGET-368"",""qty"":2,""price"":152191}]"	"{""method"": ""bank_transfer"", ""currency"": ""KRW"", ""amount"": 304382, ""status"": ""completed""}"	desktop
C687031	2025-03-07T20:15:40Z	"{""email"":""tanaka1595@example.jp"",""country"":""JP"",""phone"":""+81-90-9555-4364""}"	"[{""sku"":""WIDGET-125"",""qty"":4,""price"":5041}]"	"{""method"": ""mobile_wallet"", ""currency"": ""JPY"", ""amount"": 20164, ""status"": ""pending""}"	desktop
C687031	2025-03-07T20:16:40Z	"{""email"":""tanaka1595@example.jp"",""country"":""JP"",""phone"":""+81-90-9555-4364""}"	"[{""sku"":""WIDGET-125"",""qty"":4,""price"":5041}]"	"{""method"": ""mobile_wallet"", ""currency"": ""JPY"", ""amount"": 20164, ""status"": ""completed""}"	desktop
C696429	2025-03-07T20:15:30Z	"{""email"":""tanaka2247@example.kr"",""country"":""KR"",""phone"":""+82-10-2909-6713""}"	"[{""sku"":""WIDGET-363"",""qty"":5,""price"":147648}]"	"{""method"": ""credit_card"", ""currency"": ""KRW"", ""amount"": 738240, ""status"": ""completed""}"	desktop
C692900	2025-03-07T20:00:23Z	"{""email"":""lee3072@example.jp"",""country"":""JP"",""phone"":""+81-90-8174-1898""}"	"[{""sku"":""WIDGET-299"",""qty"":5,""price"":3483}]"	"{""method"": ""bank_transfer"", ""currency"": ""JPY"", ""amount"": 17415, ""status"": ""pending""}"	mobile
C692900	2025-03-07T20:26:23Z	"{""email"":""lee3072@example.jp"",""country"":""JP"",""phone"":""+81-90-8174-1898""}"	"[{""sku"":""WIDGET-299"",""qty"":5,""price"":3483}]"	"{""method"": ""bank_transfer"", ""currency"": ""JPY"", ""amount"": 17415, ""status"": ""settled""}"	mobile
C688221	2025-03-07T20:49:32Z	"{""email"":""lee7610@example.kr"",""country"":""KR"",""phone"":""+82-10-6783-6332""}"	"[{""sku"":""WIDGET-266"",""qty"":3,""price"":86535}]"	"{""method"": ""mobile_wallet"", ""currency"": ""KRW"", ""amount"": 259605, ""status"": ""completed""}"	desktop
C688221	2025-03-07T20:53:32Z	"{""email"":""lee7610@example.kr"",""country"":""KR"",""phone"":""+82-10-6783-6332""}"	"[{""sku"":""WIDGET-266"",""qty"":3,""price"":86535}]"	"{""method"": ""mobile_wallet"", ""currency"": ""KRW"", ""amount"": 259605, ""status"": ""settled""}"	desktop
C688894	2025-03-07T20:40:21Z	"{""email"":""suzuki1813@example.kr"",""country"":""KR"",""phone"":""+82-10-6502-3382""}"	"[{""sku"":""WIDGET-101"",""qty"":1,""price"":232526}]"	"{""method"": ""credit_card"", ""currency"": ""KRW"", ""amount"": 232526, ""status"": ""completed""}"	mobile
C687553	2025-03-07T20:37:42Z	"{""email"":""suzuki9784@example.kr"",""country"":""KR"",""phone"":""+82-10-4606-9002""}"	"[{""sku"":""WIDGET-356"",""qty"":2,""price"":137384}]"	"{""method"": ""bank_transfer"", ""currency"": ""KRW"", ""amount"": 274768, ""status"": ""settled""}"	mobile
C695440	2025-03-07T20:04:09Z	"{""email"":""lee4234@example.kr"",""country"":""KR"",""phone"":""+82-10-1396-7788""}"	"[{""sku"":""WIDGET-326"",""qty"":4,""price"":226624}]"	"{""method"": ""bank_transfer"", ""currency"": ""KRW"", ""amount"": 906496, ""status"": ""pending""}"	mobile
C695440	2025-03-07T20:12:09Z	"{""email"":""lee4234@example.kr"",""country"":""KR"",""phone"":""+82-10-1396-7788""}"	"[{""sku"":""WIDGET-326"",""qty"":4,""price"":226624}]"	"{""method"": ""bank_transfer"", ""currency"": ""KRW"", ""amount"": 906496, ""status"": ""completed""}"	mobile
C689713	2025-03-07T20:26:51Z	"{""email"":""kim8647@example.jp"",""country"":""JP"",""phone"":""+81-90-8650-3104""}"	"[{""sku"":""WIDGET-197"",""qty"":4,""price"":5511}]"	"{""method"": ""mobile_wallet"", ""currency"": ""JPY"", ""amount"": 22044, ""status"": ""pending""}"	tablet
C690349	2025-03-07T20:08:33Z	"{""email"":""suzuki3576@example.kr"",""country"":""KR"",""phone"":""+82-10-1597-7090""}"	"[{""sku"":""WIDGET-197"",""qty"":2,""price"":247792}]"	"{""method"": ""mobile_wallet"", ""currency"": ""KRW"", ""amount"": 495584, ""status"": ""settled""}"	tablet
C686507	2025-03-07T20:09:32Z	"{""email"":""kim4344@example.kr"",""country"":""KR"",""phone"":""+82-10-8703-2960""}"	"[{""sku"":""WIDGET-309"",""qty"":2,""price"":82831}]"	"{""method"": ""mobile_wallet"", ""currency"": ""KRW"", ""amount"": 165662, ""status"": ""settled""}"	desktop
C692539	2025-03-07T20:20:57Z	"{""email"":""kim7752@example.jp"",""country"":""JP"",""phone"":""+81-90-3432-2871""}"	"[{""sku"":""WIDGET-358"",""qty"":4,""price"":19242}]"	"{""method"": ""bank_transfer"", ""currency"": ""JPY"", ""amount"": 76968, ""status"": ""settled""}"	mobile
C695529	2025-03-07T20:33:07Z	"{""email"":""kim2456@example.jp"",""country"":""JP"",""phone"":""+81-90-3574-8543""}"	"[{""sku"":""WIDGET-137"",""qty"":5,""price"":9520}]"	"{""method"": ""bank_transfer"", ""currency"": ""JPY"", ""amount"": 47600, ""status"": ""pending""}"	mobile
C687385	2025-03-07T20:30:49Z	"{""email"":""lee6671@example.kr"",""country"":""KR"",""phone"":""+82-10-1000-2402""}"	"[{""sku"":""WIDGET-118"",""qty"":1,""price"":110891}]"	"{""method"": ""bank_transfer"", ""currency"": ""KRW"", ""amount"": 110891, ""status"": ""settled""}"	mobile
C688810	2025-03-07T20:35:55Z	"{""email"":""lee2674@example.kr"",""country"":""KR"",""phone"":""+82-10-8240-3485""}"	"[{""sku"":""WIDGET-282"",""qty"":3,""price"":11710}]"	"{""method"": ""mobile_wallet"", ""currency"": ""KRW"", ""amount"": 35130, ""status"": ""pending""}"	mobile
C688810	2025-03-07T20:48:55Z	"{""email"":""lee2674@example.kr"",""country"":""KR"",""phone"":""+82-10-8240-3485""}"	"[{""sku"":""WIDGET-282"",""qty"":3,""price"":11710}]"	"{""method"": ""mobile_wallet"", ""currency"": ""KRW"", ""amount"": 35130, ""status"": ""completed""}"	mobile
