order_number	created_at	customer_info	line_items	payment_details	device_type
C911864	2025-03-28T14:25:59Z	"{""email"":""lee3188@example.jp"",""country"":""JP"",""phone"":""+81-90-6032-7741""}"	"[{""sku"":""WIDGET-358"",""qty"":5,""price"":20521}]"	"{""method"":""bank_transfer"",""currency"":""JPY"",""amount"":102605,""status"":""completed""}"	tablet
C914473	2025-03-28T23:45:14Z	"{""email"":""suzuki5995@example.jp"",""country"":""JP"",""phone"":""+81-90-9853-5718""}"	"[{""sku"":""WIDGET-197"",""qty"":2,""price"":27680}]"	"{""method"":""mobile_wallet"",""currency"":""JPY"",""amount"":55360,""status"":""settled""}"	tablet
C917354	2025-03-28T03:45:34Z	"{""email"":""lee701@example.kr"",""country"":""KR"",""phone"":""+82-10-1655-2274""}"	"[{""sku"":""WIDGET-213"",""qty"":5,""price"":164260}]"	"{""method"":""mobile_wallet"",""currency"":""KRW"",""amount"":821300,""status"":""settled""}"	desktop
C912664	2025-03-28T21:15:23Z	"{""email"":""park1193@example.jp"",""country"":""JP"",""phone"":""+81-90-6023-9856""}"	"[{""sku"":""WIDGET-151"",""qty"":1,""price"":8778}]"	"{""method"":""bank_transfer"",""currency"":""JPY"",""amount"":8778,""status"":""pending""}"	tablet
C918269	2025-03-28T12:05:49Z	"{""email"":""park2056@example.jp"",""country"":""JP"",""phone"":""+81-90-2936-5690""}"	"[{""sku"":""WIDGET-318"",""qty"":4,""price"":26528}]"	"{""method"":""mobile_wallet"",""currency"":""JPY"",""amount"":106112,""status"":""settled""}"	mobile
C910636	2025-03-28T00:20:47Z	"{""email"":""tanaka8523@example.kr"",""country"":""KR"",""phone"":""+82-10-8728-4205""}"	"[{""sku"":""WIDGET-385"",""qty"":4,""price"":232060}]"	"{""method"":""mobile_wallet"",""currency"":""KRW"",""amount"":928240,""status"":""settled""}"	tablet
C912693	2025-03-28T00:35:29Z	"{""email"":""lee4805@example.jp"",""country"":""JP"",""phone"":""+81-90-1463-2857""}"	"[{""sku"":""WIDGET-352"",""qty"":4,""price"":16681}]"	"{""method"":""mobile_wallet"",""currency"":""JPY"",""amount"":66724,""status"":""settled""}"	tablet
C915014	2025-03-28T09:10:40Z	"{""email"":""kim839@example.jp"",""country"":""JP"",""phone"":""+81-90-2556-4416""}"	"[{""sku"":""WIDGET-351"",""qty"":3,""price"":4089}]"	"{""method"":""mobile_wallet"",""currency"":""JPY"",""amount"":12267,""status"":""settled""}"	desktop
C917883	2025-03-28T00:45:32Z	"{""email"":""lee6809@example.jp"",""country"":""JP"",""phone"":""+81-90-3151-4592""}"	"[{""sku"":""WIDGET-137"",""qty"":4,""price"":3482}]"	"{""method"":""bank_transfer"",""currency"":""JPY"",""amount"":13928,""status"":""completed""}"	tablet
C913321	2025-03-28T11:50:17Z	"{""email"":""lee7371@example.kr"",""country"":""KR"",""phone"":""+82-10-2804-7760""}"	"[{""sku"":""WIDGET-353"",""qty"":5,""price"":7857}]"	"{""method"":""bank_transfer"",""currency"":""KRW"",""amount"":39285,""status"":""settled""}"	mobile
C917129	2025-03-28T15:00:15Z	"{""email"":""tanaka2774@example.kr"",""country"":""KR"",""phone"":""+82-10-1695-8562""}"	"[{""sku"":""WIDGET-136"",""qty"":1,""price"":134625}]"	"{""method"":""bank_transfer"",""currency"":""KRW"",""amount"":134625,""status"":""settled""}"	desktop
C908348	2025-03-28T08:45:30Z	"{""email"":""park7042@example.kr"",""country"":""KR"",""phone"":""+82-10-5052-9367""}"	"[{""sku"":""WIDGET-266"",""qty"":2,""price"":167647}]"	"{""method"":""credit_card"",""currency"":""KRW"",""amount"":335294,""status"":""settled""}"	tablet
C915725	2025-03-28T22:20:02Z	"{""email"":""yamada7790@example.jp"",""country"":""JP"",""phone"":""+81-90-9833-6528""}"	"[{""sku"":""WIDGET-387"",""qty"":5,""price"":25550}]"	"{""method"":""mobile_wallet"",""currency"":""JPY"",""amount"":127750,""status"":""completed""}"	tablet
C918265	2025-03-28T07:10:21Z	"{""email"":""park7511@example.kr"",""country"":""KR"",""phone"":""+82-10-9928-5818""}"	"[{""sku"":""WIDGET-162"",""qty"":2,""price"":28649}]"	"{""method"":""mobile_wallet"",""currency"":""KRW"",""amount"":57298,""status"":""settled""}"	mobile
C909795	2025-03-28T06:40:14Z	"{""email"":""park8786@example.kr"",""country"":""KR"",""phone"":""+82-10-9306-9916""}"	"[{""sku"":""WIDGET-263"",""qty"":3,""price"":145238}]"	"{""method"":""mobile_wallet"",""currency"":""KRW"",""amount"":435714,""status"":""settled""}"	desktop
C918362	2025-03-28T06:55:24Z	"{""email"":""tanaka476@example.jp"",""country"":""JP"",""phone"":""+81-90-9816-5447""}"	"[{""sku"":""WIDGET-126"",""qty"":3,""price"":19161}]"	"{""method"":""credit_card"",""currency"":""JPY"",""amount"":57483,""status"":""settled""}"	tablet
C914380	2025-03-28T02:50:17Z	"{""email"":""tanaka7859@example.jp"",""country"":""JP"",""phone"":""+81-90-1791-2946""}"	"[{""sku"":""WIDGET-206"",""qty"":3,""price"":2582}]"	"{""method"":""mobile_wallet"",""currency"":""JPY"",""amount"":7746,""status"":""completed""}"	desktop
C917182	2025-03-28T17:45:14Z	"{""email"":""suzuki1092@example.kr"",""country"":""KR"",""phone"":""+82-10-5203-4530""}"	"[{""sku"":""WIDGET-249"",""qty"":1,""price"":178221}]"	"{""method"":""credit_card"",""currency"":""KRW"",""amount"":178221,""status"":""pending""}"	mobile
C912849	2025-03-28T23:10:05Z	"{""email"":""suzuki9123@example.kr"",""country"":""KR"",""phone"":""+82-10-5022-7959""}"	"[{""sku"":""WIDGET-212"",""qty"":4,""price"":13771}]"	"{""method"":""credit_card"",""currency"":""KRW"",""amount"":55084,""status"":""settled""}"	desktop
C911616	2025-03-28T07:20:31Z	"{""email"":""park7190@example.kr"",""country"":""KR"",""phone"":""+82-10-1347-5603""}"	"[{""sku"":""WIDGET-230"",""qty"":1,""price"":34120}]"	"{""method"":""bank_transfer"",""currency"":""KRW"",""amount"":34120,""status"":""pending""}"	tablet
C914633	2025-03-28T23:40:53Z	"{""email"":""suzuki1743@example.kr"",""country"":""KR"",""phone"":""+82-10-7980-2681""}"	"[{""sku"":""WIDGET-293"",""qty"":4,""price"":18833}]"	"{""method"":""bank_transfer"",""currency"":""KRW"",""amount"":75332,""status"":""settled""}"	tablet
C916649	2025-03-28T17:40:22Z	"{""email"":""lee3703@example.jp"",""country"":""JP"",""phone"":""+81-90-1759-6805""}"	"[{""sku"":""WIDGET-198"",""qty"":1,""price"":20972}]"	"{""method"":""credit_card"",""currency"":""JPY"",""amount"":20972,""status"":""completed""}"	desktop
C916113	2025-03-28T05:25:52Z	"{""email"":""tanaka4827@example.kr"",""country"":""KR"",""phone"":""+82-10-8898-8109""}"	"[{""sku"":""WIDGET-375"",""qty"":5,""price"":84253}]"	"{""method"":""mobile_wallet"",""currency"":""KRW"",""amount"":421265,""status"":""settled""}"	desktop
C918537	2025-03-28T08:00:56Z	"{""email"":""yamada5952@example.jp"",""country"":""JP"",""phone"":""+81-90-2881-1867""}"	"[{""sku"":""WIDGET-389"",""qty"":2,""price"":3764}]"	"{""method"":""credit_card"",""currency"":""JPY"",""amount"":7528,""status"":""settled""}"	tablet
C915965	2025-03-28T00:05:45Z	"{""email"":""yamada1505@example.jp"",""country"":""JP"",""phone"":""+81-90-8952-8850""}"	"[{""sku"":""WIDGET-167"",""qty"":5,""price"":14191}]"	"{""method"":""mobile_wallet"",""currency"":""JPY"",""amount"":70955,""status"":""pending""}"	desktop
C916607	2025-03-28T12:20:58Z	"{""email"":""yamada6192@example.jp"",""country"":""JP"",""phone"":""+81-90-1288-6604""}"	"[{""sku"":""WIDGET-107"",""qty"":1,""price"":14871}]"	"{""method"":""mobile_wallet"",""currency"":""JPY"",""amount"":14871,""status"":""settled""}"	mobile
C916041	2025-03-28T08:00:07Z	"{""email"":""tanaka2455@example.kr"",""country"":""KR"",""phone"":""+82-10-2867-9505""}"	"[{""sku"":""WIDGET-142"",""qty"":5,""price"":262017}]"	"{""method"":""bank_transfer"",""currency"":""KRW"",""amount"":1310085,""status"":""completed""}"	tablet
C909109	2025-03-28T04:45:37Z	"{""email"":""kim1361@example.kr"",""country"":""KR"",""phone"":""+82-10-7988-9498""}"	"[{""sku"":""WIDGET-386"",""qty"":3,""price"":136061}]"	"{""method"":""credit_card"",""currency"":""KRW"",""amount"":408183,""status"":""settled""}"	mobile
C916108	2025-03-28T23:35:37Z	"{""email"":""park3276@example.kr"",""country"":""KR"",""phone"":""+82-10-3186-6100""}"	"[{""sku"":""WIDGET-147"",""qty"":5,""price"":126766}]"	"{""method"":""bank_transfer"",""currency"":""KRW"",""amount"":633830,""status"":""settled""}"	mobile
C911615	2025-03-28T06:40:50Z	"{""email"":""suzuki3475@example.jp"",""country"":""JP"",""phone"":""+81-90-8816-3009""}"	"[{""sku"":""WIDGET-313"",""qty"":4,""price"":1048}]"	"{""method"":""mobile_wallet"",""currency"":""JPY"",""amount"":4192,""status"":""settled""}"	mobile
C913620	2025-03-28T11:25:55Z	"{""email"":""lee6156@example.jp"",""country"":""JP"",""phone"":""+81-90-3554-3469""}"	"[{""sku"":""WIDGET-397"",""qty"":4,""price"":1710}]"	"{""method"":""credit_card"",""currency"":""JPY"",""amount"":6840,""status"":""settled""}"	desktop
C912602	2025-03-28T23:45:56Z	"{""email"":""park9454@example.jp"",""country"":""JP"",""phone"":""+81-90-2503-2098""}"	"[{""sku"":""WIDGET-124"",""qty"":4,""price"":21974}]"	"{""method"":""credit_card"",""currency"":""JPY"",""amount"":87896,""status"":""settled""}"	desktop
C908404	2025-03-28T23:00:17Z	"{""email"":""kim5651@example.kr"",""country"":""KR"",""phone"":""+82-10-9411-6400""}"	"[{""sku"":""WIDGET-127"",""qty"":4,""price"":31669}]"	"{""method"":""mobile_wallet"",""currency"":""KRW"",""amount"":126676,""status"":""settled""}"	mobile
C912928	2025-03-28T11:05:21Z	"{""email"":""park9475@example.kr"",""country"":""KR"",""phone"":""+82-10-2186-2947""}"	"[{""sku"":""WIDGET-185"",""qty"":1,""price"":92281}]"	"{""method"":""bank_transfer"",""currency"":""KRW"",""amount"":92281,""status"":""completed""}"	desktop
C914892	2025-03-28T08:45:42Z	"{""email"":""park5462@example.jp"",""country"":""JP"",""phone"":""+81-90-7849-2756""}"	"[{""sku"":""WIDGET-217"",""qty"":3,""price"":1594}]"	"{""method"":""credit_card"",""currency"":""JPY"",""amount"":4782,""status"":""settled""}"	mobile
C913024	2025-03-28T22:30:09Z	"{""email"":""kim7373@example.kr"",""country"":""KR"",""phone"":""+82-10-1977-1571""}"	"[{""sku"":""WIDGET-174"",""qty"":3,""price"":175430}]"	"{""method"":""mobile_wallet"",""currency"":""KRW"",""amount"":526290,""status"":""completed""}"	desktop
C912790	2025-03-28T11:10:47Z	"{""email"":""suzuki967@example.jp"",""country"":""JP"",""phone"":""+81-90-1346-4755""}"	"[{""sku"":""WIDGET-390"",""qty"":3,""price"":26644}]"	"{""method"":""mobile_wallet"",""currency"":""JPY"",""amount"":79932,""status"":""settled""}"	tablet
C916769	2025-03-28T23:00:07Z	"{""email"":""tanaka8496@example.jp"",""country"":""JP"",""phone"":""+81-90-9311-5683""}"	"[{""sku"":""WIDGET-193"",""qty"":3,""price"":6863}]"	"{""method"":""bank_transfer"",""currency"":""JPY"",""amount"":20589,""status"":""pending""}"	desktop
C913162	2025-03-28T00:20:11Z	"{""email"":""kim824@example.kr"",""country"":""KR"",""phone"":""+82-10-4877-7949""}"	"[{""sku"":""WIDGET-260"",""qty"":4,""price"":129107}]"	"{""method"":""credit_card"",""currency"":""KRW"",""amount"":516428,""status"":""settled""}"	desktop
C918436	2025-03-28T15:50:50Z	"{""email"":""lee7312@example.kr"",""country"":""KR"",""phone"":""+82-10-1357-6842""}"	"[{""sku"":""WIDGET-103"",""qty"":1,""price"":198038}]"	"{""method"":""mobile_wallet"",""currency"":""KRW"",""amount"":198038,""status"":""pending""}"	desktop
C913985	2025-03-28T07:20:59Z	"{""email"":""yamada6151@example.jp"",""country"":""JP"",""phone"":""+81-90-3517-2612""}"	"[{""sku"":""WIDGET-283"",""qty"":4,""price"":3809}]"	"{""method"":""bank_transfer"",""currency"":""JPY"",""amount"":15236,""status"":""settled""}"	tablet
C914324	2025-03-28T07:15:28Z	"{""email"":""yamada8228@example.kr"",""country"":""KR"",""phone"":""+82-10-6997-9882""}"	"[{""sku"":""WIDGET-112"",""qty"":1,""price"":19951}]"	"{""method"":""bank_transfer"",""currency"":""KRW"",""amount"":19951,""status"":""completed""}"	desktop
C913377	2025-03-28T08:15:00Z	"{""email"":""tanaka1589@example.jp"",""country"":""JP"",""phone"":""+81-90-3310-9688""}"	"[{""sku"":""WIDGET-383"",""qty"":5,""price"":20496}]"	"{""method"":""bank_transfer"",""currency"":""JPY"",""amount"":102480,""status"":""settled""}"	desktop
C912409	2025-03-28T06:50:35Z	"{""email"":""park4564@example.kr"",""country"":""KR"",""phone"":""+82-10-6528-6302""}"	"[{""sku"":""WIDGET-396"",""qty"":3,""price"":131522}]"	"{""method"":""mobile_wallet"",""currency"":""KRW"",""amount"":394566,""status"":""pending""}"	tablet
C909941	2025-03-28T07:55:32Z	"{""email"":""park8116@example.kr"",""country"":""KR"",""phone"":""+82-10-7396-4893""}"	"[{""sku"":""WIDGET-304"",""qty"":1,""price"":15889}]"	"{""method"":""mobile_wallet"",""currency"":""KRW"",""amount"":15889,""status"":""settled""}"	desktop
C917331	2025-03-28T21:20:09Z	"{""email"":""tanaka9234@example.jp"",""country"":""JP"",""phone"":""+81-90-1770-3026""}"	"[{""sku"":""WIDGET-241"",""qty"":3,""price"":24327}]"	"{""method"":""credit_card"",""currency"":""JPY"",""amount"":72981,""status"":""settled""}"	desktop
C913946	2025-03-28T11:25:49Z	"{""email"":""tanaka7818@example.jp"",""country"":""JP"",""phone"":""+81-90-6645-2832""}"	"[{""sku"":""WIDGET-249"",""qty"":2,""price"":12537}]"	"{""method"":""bank_transfer"",""currency"":""JPY"",""amount"":25074,""status"":""settled""}"	desktop
C910324	2025-03-28T01:00:35Z	"{""email"":""lee6718@example.jp"",""country"":""JP"",""phone"":""+81-90-8865-7342""}"	"[{""sku"":""WIDGET-303"",""qty"":2,""price"":6430}]"	"{""method"":""bank_transfer"",""currency"":""JPY"",""amount"":12860,""status"":""completed""}"	mobile
C909754	2025-03-28T06:00:18Z	"{""email"":""lee4278@example.kr"",""country"":""KR"",""phone"":""+82-10-2143-4725""}"	"[{""sku"":""WIDGET-200"",""qty"":4,""price"":224256}]"	"{""method"":""credit_card"",""currency"":""KRW"",""amount"":897024,""status"":""settled""}"	tablet
C910668	2025-03-28T00:30:34Z	"{""email"":""tanaka3537@example.jp"",""country"":""JP"",""phone"":""+81-90-2849-3603""}"	"[{""sku"":""WIDGET-371"",""qty"":1,""price"":17426}]"	"{""method"":""bank_transfer"",""currency"":""JPY"",""amount"":17426,""status"":""completed""}"	tablet
C912077	2025-03-28T07:15:53Z	"{""email"":""yamada2775@example.kr"",""country"":""KR"",""phone"":""+82-10-5972-5825""}"	"[{""sku"":""WIDGET-380"",""qty"":3,""price"":87232}]"	"{""method"":""mobile_wallet"",""currency"":""KRW"",""amount"":261696,""status"":""settled""}"	desktop
C913706	2025-03-28T08:25:43Z	"{""email"":""park8399@example.jp"",""country"":""JP"",""phone"":""+81-90-1524-4966""}"	"[{""sku"":""WIDGET-302"",""qty"":2,""price"":10385}]"	"{""method"":""bank_transfer"",""currency"":""JPY"",""amount"":20770,""status"":""completed""}"	mobile
C908331	2025-03-28T14:30:29Z	"{""email"":""park5453@example.jp"",""country"":""JP"",""phone"":""+81-90-6863-3786""}"	"[{""sku"":""WIDGET-347"",""qty"":4,""price"":1945}]"	"{""method"":""bank_transfer"",""currency"":""JPY"",""amount"":7780,""status"":""settled""}"	mobile
C917589	2025-03-28T21:35:07Z	"{""email"":""yamada9957@example.jp"",""country"":""JP"",""phone"":""+81-90-9193-5431""}"	"[{""sku"":""WIDGET-239"",""qty"":4,""price"":9210}]"	"{""method"":""bank_transfer"",""currency"":""JPY"",""amount"":36840,""status"":""completed""}"	mobile
C917597	2025-03-28T10:30:06Z	"{""email"":""tanaka6061@example.kr"",""country"":""KR"",""phone"":""+82-10-7743-6241""}"	"[{""sku"":""WIDGET-282"",""qty"":3,""price"":177070}]"	"{""method"":""mobile_wallet"",""currency"":""KRW"",""amount"":531210,""status"":""settled""}"	tablet
C914123	2025-03-28T18:35:04Z	"{""email"":""yamada924@example.kr"",""country"":""KR"",""phone"":""+82-10-7088-9771""}"	"[{""sku"":""WIDGET-352"",""qty"":1,""price"":107810}]"	"{""method"":""credit_card"",""currency"":""KRW"",""amount"":107810,""status"":""settled""}"	desktop
C911754	2025-03-28T03:05:09Z	"{""email"":""yamada4289@example.jp"",""country"":""JP"",""phone"":""+81-90-8558-7721""}"	"[{""sku"":""WIDGET-331"",""qty"":5,""price"":8699}]"	"{""method"":""mobile_wallet"",""currency"":""JPY"",""amount"":43495,""status"":""settled""}"	mobile
C909805	2025-03-28T08:45:11Z	"{""email"":""tanaka1469@example.kr"",""country"":""KR"",""phone"":""+82-10-7253-4510""}"	"[{""sku"":""WIDGET-346"",""qty"":4,""price"":13588}]"	"{""method"":""credit_card"",""currency"":""KRW"",""amount"":54352,""status"":""completed""}"	mobile
C912551	2025-03-28T15:00:05Z	"{""email"":""suzuki5026@example.jp"",""country"":""JP"",""phone"":""+81-90-5970-6306""}"	"[{""sku"":""WIDGET-146"",""qty"":2,""price"":8041}]"	"{""method"":""bank_transfer"",""currency"":""JPY"",""amount"":16082,""status"":""settled""}"	desktop
C910295	2025-03-28T22:55:39Z	"{""email"":""kim6787@example.kr"",""country"":""KR"",""phone"":""+82-10-2792-6582""}"	"[{""sku"":""WIDGET-311"",""qty"":1,""price"":90990}]"	"{""method"":""bank_transfer"",""currency"":""KRW"",""amount"":90990,""status"":""settled""}"	desktop
C915153	2025-03-28T07:35:06Z	"{""email"":""kim3322@example.kr"",""country"":""KR"",""phone"":""+82-10-6595-2735""}"	"[{""sku"":""WIDGET-191"",""qty"":4,""price"":132738}]"	"{""method"":""credit_card"",""currency"":""KRW"",""amount"":530952,""status"":""completed""}"	mobile
C918426	2025-03-28T15:20:37Z	"{""email"":""lee9057@example.jp"",""country"":""JP"",""phone"":""+81-90-6787-8715""}"	"[{""sku"":""WIDGET-329"",""qty"":2,""price"":6911}]"	"{""method"":""mobile_wallet"",""currency"":""JPY"",""amount"":13822,""status"":""settled""}"	mobile
C914172	2025-03-28T11:15:00Z	"{""email"":""tanaka4349@example.kr"",""country"":""KR"",""phone"":""+82-10-2009-6793""}"	"[{""sku"":""WIDGET-274"",""qty"":5,""price"":177977}]"	"{""method"":""bank_transfer"",""currency"":""KRW"",""amount"":889885,""status"":""completed""}"	mobile
C912621	2025-03-28T12:40:40Z	"{""email"":""lee1790@example.jp"",""country"":""JP"",""phone"":""+81-90-1741-6059""}"	"[{""sku"":""WIDGET-259"",""qty"":1,""price"":872}]"	"{""method"":""credit_card"",""currency"":""JPY"",""amount"":872,""status"":""pending""}"	desktop
C910357	2025-03-28T01:35:07Z	"{""email"":""lee4377@example.kr"",""country"":""KR"",""phone"":""+82-10-2980-5582""}"	"[{""sku"":""WIDGET-195"",""qty"":3,""price"":124725}]"	"{""method"":""bank_transfer"",""currency"":""KRW"",""amount"":374175,""status"":""settled""}"	desktop
C915962	2025-03-28T11:05:20Z	"{""email"":""lee1062@example.kr"",""country"":""KR"",""phone"":""+82-10-8815-8072""}"	"[{""sku"":""WIDGET-295"",""qty"":1,""price"":251112}]"	"{""method"":""mobile_wallet"",""currency"":""KRW"",""amount"":251112,""status"":""settled""}"	desktop
C912067	2025-03-28T13:30:03Z	"{""email"":""kim9133@example.kr"",""country"":""KR"",""phone"":""+82-10-8202-9187""}"	"[{""sku"":""WIDGET-255"",""qty"":5,""price"":256481}]"	"{""method"":""credit_card"",""currency"":""KRW"",""amount"":1282405,""status"":""settled""}"	mobile
C911927	2025-03-28T08:30:58Z	"{""email"":""suzuki621@example.jp"",""country"":""JP"",""phone"":""+81-90-8067-9922""}"	"[{""sku"":""WIDGET-260"",""qty"":3,""price"":8236}]"	"{""method"":""bank_transfer"",""currency"":""JPY"",""amount"":24708,""status"":""completed""}"	mobile
C911912	2025-03-28T06:00:23Z	"{""email"":""lee7449@example.kr"",""country"":""KR"",""phone"":""+82-10-5939-7422""}"	"[{""sku"":""WIDGET-165"",""qty"":1,""price"":34487}]"	"{""method"":""bank_transfer"",""currency"":""KRW"",""amount"":34487,""status"":""completed""}"	tablet
C909950	2025-03-28T19:45:58Z	"{""email"":""park5498@example.jp"",""country"":""JP"",""phone"":""+81-90-4631-8529""}"	"[{""sku"":""WIDGET-189"",""qty"":2,""price"":27265}]"	"{""method"":""mobile_wallet"",""currency"":""JPY"",""amount"":54530,""status"":""settled""}"	mobile
C911603	2025-03-28T16:30:13Z	"{""email"":""kim8902@example.jp"",""country"":""JP"",""phone"":""+81-90-5497-7201""}"	"[{""sku"":""WIDGET-227"",""qty"":2,""price"":15897}]"	"{""method"":""mobile_wallet"",""currency"":""JPY"",""amount"":31794,""status"":""settled""}"	desktop
C914284	2025-03-28T01:20:11Z	"{""email"":""lee4058@example.jp"",""country"":""JP"",""phone"":""+81-90-9743-1170""}"	"[{""sku"":""WIDGET-348"",""qty"":2,""price"":19153}]"	"{""method"":""credit_card"",""currency"":""JPY"",""amount"":38306,""status"":""pending""}"	mobile
C908289	2025-03-28T17:15:19Z	"{""email"":""park1327@example.kr"",""country"":""KR"",""phone"":""+82-10-8975-1329""}"	"[{""sku"":""WIDGET-315"",""qty"":2,""price"":236550}]"	"{""method"":""credit_card"",""currency"":""KRW"",""amount"":473100,""status"":""settled""}"	tablet
C908244	2025-03-28T19:15:31Z	"{""email"":""lee2689@example.jp"",""country"":""JP"",""phone"":""+81-90-8552-6595""}"	"[{""sku"":""WIDGET-370"",""qty"":2,""price"":23951}]"	"{""method"":""credit_card"",""currency"":""JPY"",""amount"":47902,""status"":""settled""}"	desktop
C912936	2025-03-28T01:20:08Z	"{""email"":""park3232@example.kr"",""country"":""KR"",""phone"":""+82-10-2957-6001""}"	"[{""sku"":""WIDGET-264"",""qty"":1,""price"":64239}]"	"{""method"":""credit_card"",""currency"":""KRW"",""amount"":64239,""status"":""settled""}"	mobile
C914544	2025-03-28T07:50:36Z	"{""email"":""tanaka3927@example.kr"",""country"":""KR"",""phone"":""+82-10-9203-4565""}"	"[{""sku"":""WIDGET-236"",""qty"":1,""price"":73201}]"	"{""method"":""credit_card"",""currency"":""KRW"",""amount"":73201,""status"":""completed""}"	desktop
C908247	2025-03-28T02:45:13Z	"{""email"":""park855@example.jp"",""country"":""JP"",""phone"":""+81-90-7620-9186""}"	"[{""sku"":""WIDGET-237"",""qty"":3,""price"":25699}]"	"{""method"":""bank_transfer"",""currency"":""JPY"",""amount"":77097,""status"":""settled""}"	tablet
C912088	2025-03-28T10:35:57Z	"{""email"":""kim4556@example.jp"",""country"":""JP"",""phone"":""+81-90-3839-3300""}"	"[{""sku"":""WIDGET-187"",""qty"":5,""price"":12621}]"	"{""method"":""mobile_wallet"",""currency"":""JPY"",""amount"":63105,""status"":""settled""}"	tablet
C913298	2025-03-28T01:00:10Z	"{""email"":""tanaka742@example.jp"",""country"":""JP"",""phone"":""+81-90-3885-3363""}"	"[{""sku"":""WIDGET-108"",""qty"":3,""price"":11496}]"	"{""method"":""mobile_wallet"",""currency"":""JPY"",""amount"":34488,""status"":""settled""}"	tablet
C918145	2025-03-28T10:30:49Z	"{""email"":""suzuki9938@example.kr"",""country"":""KR"",""phone"":""+82-10-5522-6849""}"	"[{""sku"":""WIDGET-253"",""qty"":3,""price"":121206}]"	"{""method"":""bank_transfer"",""currency"":""KRW"",""amount"":363618,""status"":""settled""}"	tablet
C916703	2025-03-28T06:20:34Z	"{""email"":""suzuki1125@example.kr"",""country"":""KR"",""phone"":""+82-10-2837-4941""}"	"[{""sku"":""WIDGET-263"",""qty"":4,""price"":93110}]"	"{""method"":""credit_card"",""currency"":""KRW"",""amount"":372440,""status"":""settled""}"	desktop
C916177	2025-03-28T07:55:52Z	"{""email"":""lee7913@example.kr"",""country"":""KR"",""phone"":""+82-10-6779-6798""}"	"[{""sku"":""WIDGET-101"",""qty"":5,""price"":158236}]"	"{""method"":""bank_transfer"",""currency"":""KRW"",""amount"":791180,""status"":""settled""}"	mobile
C917802	2025-03-28T04:30:57Z	"{""email"":""tanaka2600@example.jp"",""country"":""JP"",""phone"":""+81-90-5561-4797""}"	"[{""sku"":""WIDGET-166"",""qty"":1,""price"":1527}]"	"{""method"":""credit_card"",""currency"":""JPY"",""amount"":1527,""status"":""settled""}"	mobile
C913492	2025-03-28T05:05:08Z	"{""email"":""lee3619@example.kr"",""country"":""KR"",""phone"":""+82-10-8067-3654""}"	"[{""sku"":""WIDGET-323"",""qty"":1,""price"":70120}]"	"{""method"":""credit_card"",""currency"":""KRW"",""amount"":70120,""status"":""completed""}"	mobile
C917395	2025-03-28T00:15:45Z	"{""email"":""lee3141@example.jp"",""country"":""JP"",""phone"":""+81-90-6752-9487""}"	"[{""sku"":""WIDGET-351"",""qty"":2,""price"":1630}]"	"{""method"":""credit_card"",""currency"":""JPY"",""amount"":3260,""status"":""pending""}"	desktop
C910874	2025-03-28T06:05:22Z	"{""email"":""suzuki8871@example.jp"",""country"":""JP"",""phone"":""+81-90-5281-1128""}"	"[{""sku"":""WIDGET-182"",""qty"":3,""price"":25992}]"	"{""method"":""bank_transfer"",""currency"":""JPY"",""amount"":77976,""status"":""completed""}"	tablet
C909268	2025-03-28T00:50:18Z	"{""email"":""suzuki5814@example.kr"",""country"":""KR""}"	"[{""sku"":""WIDGET-339"",""qty"":4,""price"":110391}]"	"{""method"":""credit_card"",""currency"":""KRW"",""amount"":441564,""status"":""completed""}"	tablet
C915618	2025-03-28T08:15:07Z	"{""email"":""lee4404@example.jp"",""country"":""JP"",""phone"":""+81-90-7026-9521""}"	"[{""sku"":""WIDGET-337"",""qty"":3,""price"":2686}]"	"{""method"":""bank_transfer"",""currency"":""JPY"",""amount"":8058,""status"":""settled""}"	tablet
C909408	2025-03-28T02:25:18Z	"{""email"":""kim9110@example.jp"",""country"":""JP"",""phone"":""+81-90-2224-1444""}"	"[{""sku"":""WIDGET-264"",""qty"":1,""price"":7135}]"	"{""method"":""bank_transfer"",""currency"":""JPY"",""amount"":7135,""status"":""settled""}"	tablet
C909298	2025-03-28T00:15:51Z	"{""email"":""lee8885@example.jp"",""country"":""JP"",""phone"":""+81-90-2401-6946""}"	"[{""sku"":""WIDGET-329"",""qty"":2,""price"":16562}]"	"{""method"":""credit_card"",""currency"":""JPY"",""amount"":33124,""status"":""settled""}"	desktop
C915926	2025-03-28T18:55:29Z	"{""email"":""suzuki5553@example.jp"",""country"":""JP"",""phone"":""+81-90-1889-6124""}"	"[{""sku"":""WIDGET-357"",""qty"":2,""price"":28995}]"	"{""method"":""bank_transfer"",""currency"":""JPY"",""amount"":57990,""status"":""pending""}"	mobile
C912504	2025-03-28T09:55:15Z	"{""email"":""park7827@example.jp"",""country"":""JP"",""phone"":""+81-90-6265-6668""}"	"[{""sku"":""WIDGET-296"",""qty"":4,""price"":23941}]"	"{""method"":""mobile_wallet"",""currency"":""JPY"",""amount"":95764,""status"":""completed""}"	desktop
C915728	2025-03-28T16:10:19Z	"{""email"":""lee9112@example.kr"",""country"":""KR"",""phone"":""+82-10-9636-2195""}"	"[{""sku"":""WIDGET-215"",""qty"":3,""price"":207427}]"	"{""method"":""mobile_wallet"",""currency"":""KRW"",""amount"":622281,""status"":""settled""}"	desktop
C917601	2025-03-28T04:10:31Z	"{""email"":""lee2109@example.kr"",""country"":""KR"",""phone"":""+82-10-9821-1987""}"	"[{""sku"":""WIDGET-212"",""qty"":2,""price"":161825}]"	"{""method"":""bank_transfer"",""currency"":""KRW"",""amount"":323650,""status"":""pending""}"	desktop
C915534	2025-03-28T03:30:22Z	"{""email"":""kim1135@example.kr"",""country"":""KR"",""phone"":""+82-10-8671-5273""}"	"[{""sku"":""WIDGET-188"",""qty"":4,""price"":183046}]"	"{""method"":""bank_transfer"",""currency"":""KRW"",""amount"":732184,""status"":""completed""}"	mobile
C910808	2025-03-28T23:45:25Z	"{""email"":""tanaka5750@example.kr"",""country"":""KR"",""phone"":""+82-10-5200-1380""}"	"[{""sku"":""WIDGET-284"",""qty"":5,""price"":18200}]"	"{""method"":""mobile_wallet"",""currency"":""KRW"",""amount"":91000,""status"":""settled""}"	tablet
C916538	2025-03-28T18:35:28Z	"{""email"":""lee7908@example.jp"",""country"":""JP"",""phone"":""+81-90-8652-9208""}"	"[{""sku"":""WIDGET-236"",""qty"":1,""price"":18460}]"	"{""method"":""credit_card"",""currency"":""JPY"",""amount"":18460,""status"":""completed""}"	tablet
C915711	2025-03-28T22:40:31Z	"{""email"":""lee2056@example.jp"",""country"":""JP"",""phone"":""+81-90-3456-2129""}"	"[{""sku"":""WIDGET-268"",""qty"":5,""price"":10315}]"	"{""method"":""bank_transfer"",""currency"":""JPY"",""amount"":51575,""status"":""settled""}"	mobile
C915151	2025-03-28T04:25:29Z	"{""email"":""lee9279@example.jp"",""country"":""JP"",""phone"":""+81-90-4076-8673""}"	"[{""sku"":""WIDGET-261"",""qty"":3,""price"":10173}]"	"{""method"":""mobile_wallet"",""currency"":""JPY"",""amount"":30519,""status"":""completed""}"	mobile
C915865	2025-03-28T01:45:34Z	"{""email"":""park7440@example.jp"",""country"":""JP"",""phone"":""+81-90-5558-7048""}"	"[{""sku"":""WIDGET-392"",""qty"":2,""price"":8531}]"	"{""method"":""credit_card"",""currency"":""JPY"",""amount"":17062,""status"":""settled""}"	desktop
C916711	2025-03-28T10:30:08Z	"{""email"":""kim1713@example.jp"",""country"":""JP"",""phone"":""+81-90-2543-6758""}"	"[{""sku"":""WIDGET-289"",""qty"":1,""price"":4602}]"	"{""method"":""bank_transfer"",""currency"":""JPY"",""amount"":4602,""status"":""completed""}"	tablet
C911524	2025-03-28T01:50:10Z	"{""email"":""yamada8073@example.kr"",""country"":""KR"",""phone"":""+82-10-5912-2479""}"	"[{""sku"":""WIDGET-201"",""qty"":5,""price"":152621}]"	"{""method"":""bank_transfer"",""currency"":""KRW"",""amount"":763105,""status"":""completed""}"	desktop
C910377	2025-03-28T03:25:25Z	"{""email"":""park2659@example.jp"",""country"":""JP"",""phone"":""+81-90-4914-2591""}"	"[{""sku"":""WIDGET-259"",""qty"":3,""price"":10955}]"	"{""method"":""credit_card"",""currency"":""JPY"",""amount"":32865,""status"":""settled""}"	tablet
C909787	2025-03-28T00:35:52Z	"{""email"":""park1360@example.jp"",""country"":""JP"",""phone"":""+81-90-3226-6854""}"	"[{""sku"":""WIDGET-367"",""qty"":3,""price"":25047}]"	"{""method"":""credit_card"",""currency"":""JPY"",""amount"":75141,""status"":""settled""}"	mobile
C908891	2025-03-28T22:30:55Z	"{""email"":""lee9733@example.jp"",""country"":""JP"",""phone"":""+81-90-6235-7226""}"	"[{""sku"":""WIDGET-128"",""qty"":1,""price"":5842}]"	"{""method"":""credit_card"",""currency"":""JPY"",""amount"":5842,""status"":""settled""}"	tablet
C916157	2025-03-28T22:35:31Z	"{""email"":""yamada1477@example.jp"",""country"":""JP"",""phone"":""+81-90-2455-6554""}"	"[{""sku"":""WIDGET-155"",""qty"":2,""price"":10226}]"	"{""method"":""credit_card"",""currency"":""JPY"",""amount"":20452,""status"":""completed""}"	desktop
C911623	2025-03-28T07:25:50Z	"{""email"":""tanaka2372@example.kr"",""country"":""KR"",""phone"":""+82-10-8982-4320""}"	"[{""sku"":""WIDGET-367"",""qty"":2,""price"":150379}]"	"{""method"":""bank_transfer"",""currency"":""KRW"",""amount"":300758,""status"":""settled""}"	tablet
C914318	2025-03-28T06:40:12Z	"{""email"":""park1651@example.jp"",""country"":""JP"",""phone"":""+81-90-2869-4018""}"	"[{""sku"":""WIDGET-278"",""qty"":1,""price"":13396}]"	"{""method"":""bank_transfer"",""currency"":""JPY"",""amount"":13396,""status"":""settled""}"	mobile
C918687	2025-03-28T12:10:29Z	"{""email"":""lee2572@example.jp"",""country"":""JP"",""phone"":""+81-90-7963-8370""}"	"[{""sku"":""WIDGET-366"",""qty"":3,""price"":26398}]"	"{""method"":""mobile_wallet"",""currency"":""JPY"",""amount"":79194,""status"":""completed""}"	mobile
C909642	2025-03-28T07:25:27Z	"{""email"":""suzuki7825@example.kr"",""country"":""KR"",""phone"":""+82-10-2610-5602""}"	"[{""sku"":""WIDGET-285"",""qty"":5,""price"":234795}]"	"{""method"":""bank_transfer"",""currency"":""KRW"",""amount"":1173975,""status"":""settled""}"	tablet
C916046	2025-03-28T06:45:59Z	"{""email"":""yamada4258@example.jp"",""country"":""JP"",""phone"":""+81-90-7226-3175""}"	"[{""sku"":""WIDGET-195"",""qty"":1,""price"":26052}]"	"{""method"":""bank_transfer"",""currency"":""JPY"",""amount"":26052,""status"":""completed""}"	tablet
C917917	2025-03-28T04:30:10Z	"{""email"":""lee9692@example.kr"",""country"":""KR"",""phone"":""+82-10-4812-3052""}"	"[{""sku"":""WIDGET-118"",""qty"":5,""price"":180959}]"	"{""method"":""mobile_wallet"",""currency"":""KRW"",""amount"":904795,""status"":""completed""}"	mobile
C912133	2025-03-28T18:40:26Z	"{""email"":""kim2565@example.kr"",""country"":""KR"",""phone"":""+82-10-2463-6778""}"	"[{""sku"":""WIDGET-315"",""qty"":2,""price"":219319}]"	"{""method"":""mobile_wallet"",""currency"":""KRW"",""amount"":438638,""status"":""completed""}"	tablet
C914529	2025-03-28T02:55:19Z	"{""email"":""kim2366@example.kr"",""country"":""KR"",""phone"":""+82-10-6978-7481""}"	"[{""sku"":""WIDGET-131"",""qty"":5,""price"":219228}]"	"{""method"":""bank_transfer"",""currency"":""KRW"",""amount"":1096140,""status"":""pending""}"	mobile
C915377	2025-03-28T18:25:28Z	"{""email"":""tanaka599@example.kr"",""country"":""KR"",""phone"":""+82-10-4804-5986""}"	"[{""sku"":""WIDGET-174"",""qty"":3,""price"":194755}]"	"{""method"":""credit_card"",""currency"":""KRW"",""amount"":584265,""status"":""settled""}"	desktop
C909192	2025-03-28T19:55:33Z	"{""email"":""lee6087@example.jp"",""country"":""JP"",""phone"":""+81-90-3342-1058""}"	"[{""sku"":""WIDGET-197"",""qty"":3,""price"":9899}]"	"{""method"":""credit_card"",""currency"":""JPY"",""amount"":29697,""status"":""settled""}"	mobile
C912457	2025-03-28T02:10:24Z	"{""email"":""tanaka6231@example.kr"",""country"":""KR"",""phone"":""+82-10-2289-7657""}"	"[{""sku"":""WIDGET-357"",""qty"":5,""price"":182553}]"	"{""method"":""mobile_wallet"",""currency"":""KRW"",""amount"":912765,""status"":""settled""}"	mobile
C914481	2025-03-28T00:50:53Z	"{""email"":""yamada5535@example.kr"",""country"":""KR"",""phone"":""+82-10-8839-2062""}"	"[{""sku"":""WIDGET-274"",""qty"":1,""price"":196721}]"	"{""method"":""credit_card"",""currency"":""KRW"",""amount"":196721,""status"":""completed""}"	tablet
C913813	2025-03-28T12:20:55Z	"{""email"":""kim1556@example.kr"",""country"":""KR"",""phone"":""+82-10-5881-8823""}"	"[{""sku"":""WIDGET-217"",""qty"":3,""price"":37528}]"	"{""method"":""bank_transfer"",""currency"":""KRW"",""amount"":112584,""status"":""settled""}"	mobile
C909284	2025-03-28T23:35:14Z	"{""email"":""lee8446@example.jp"",""country"":""JP"",""phone"":""+81-90-2845-3666""}"	"[{""sku"":""WIDGET-387"",""qty"":4,""price"":5308}]"	"{""method"":""mobile_wallet"",""currency"":""JPY"",""amount"":21232,""status"":""settled""}"	desktop
C915845	2025-03-28T21:00:28Z	"{""email"":""yamada6097@example.kr"",""country"":""KR"",""phone"":""+82-10-3703-9690""}"	"[{""sku"":""WIDGET-234"",""qty"":3,""price"":75798}]"	"{""method"":""mobile_wallet"",""currency"":""KRW"",""amount"":227394,""status"":""settled""}"	desktop
C914622	2025-03-28T00:55:30Z	"{""email"":""kim1217@example.kr"",""country"":""KR"",""phone"":""+82-10-5721-3859""}"	"[{""sku"":""WIDGET-374"",""qty"":1,""price"":193582}]"	"{""method"":""credit_card"",""currency"":""KRW"",""amount"":193582,""status"":""settled""}"	desktop
C917301	2025-03-28T02:40:32Z	"{""email"":""park5782@example.jp"",""country"":""JP"",""phone"":""+81-90-8881-8581""}"	"[{""sku"":""WIDGET-117"",""qty"":1,""price"":17811}]"	"{""method"":""credit_card"",""currency"":""JPY"",""amount"":17811,""status"":""settled""}"	tablet
C917745	2025-03-28T03:30:15Z	"{""email"":""park6535@example.jp"",""country"":""JP"",""phone"":""+81-90-6711-6707""}"	"[{""sku"":""WIDGET-364"",""qty"":3,""price"":1160}]"	"{""method"":""credit_card"",""currency"":""JPY"",""amount"":3480,""status"":""settled""}"	desktop
C917283	2025-03-28T21:35:00Z	"{""email"":""tanaka9786@example.jp"",""country"":""JP"",""phone"":""+81-90-1835-7303""}"	"[{""sku"":""WIDGET-136"",""qty"":3,""price"":14472}]"	"{""method"":""mobile_wallet"",""currency"":""JPY"",""amount"":43416,""status"":""completed""}"	desktop
C913808	2025-03-28T07:20:41Z	"{""email"":""lee9367@example.kr"",""country"":""KR"",""phone"":""+82-10-9407-3477""}"	"[{""sku"":""WIDGET-255"",""qty"":4,""price"":85682}]"	"{""method"":""mobile_wallet"",""currency"":""KRW"",""amount"":342728,""status"":""settled""}"	desktop
C915940	2025-03-28T11:40:23Z	"{""email"":""tanaka935@example.jp"",""country"":""JP"",""phone"":""+81-90-6389-7007""}"	"[{""sku"":""WIDGET-247"",""qty"":1,""price"":24921}]"	"{""method"":""bank_transfer"",""currency"":""JPY"",""amount"":24921,""status"":""settled""}"	mobile
C910372	2025-03-28T21:45:48Z	"{""email"":""suzuki467@example.kr"",""country"":""KR"",""phone"":""+82-10-4088-9284""}"	"[{""sku"":""WIDGET-385"",""qty"":1,""price"":176722}]"	"{""method"":""credit_card"",""currency"":""KRW"",""amount"":176722,""status"":""settled""}"	desktop
C909902	2025-03-28T04:30:36Z	"{""email"":""yamada5976@example.kr"",""country"":""KR"",""phone"":""+82-10-6104-2750""}"	"[{""sku"":""WIDGET-278"",""qty"":3,""price"":73799}]"	"{""method"":""credit_card"",""currency"":""KRW"",""amount"":221397,""status"":""settled""}"	desktop
C916235	2025-03-28T11:30:39Z	"{""email"":""suzuki1309@example.kr"",""country"":""KR"",""phone"":""+82-10-4218-5439""}"	"[{""sku"":""WIDGET-168"",""qty"":3,""price"":189815}]"	"{""method"":""credit_card"",""currency"":""KRW"",""amount"":569445,""status"":""settled""}"	desktop
C909095	2025-03-28T03:40:07Z	"{""email"":""kim7660@example.jp"",""country"":""JP"",""phone"":""+81-90-5561-4948""}"	"[{""sku"":""WIDGET-269"",""qty"":2,""price"":11894}]"	"{""method"":""mobile_wallet"",""currency"":""JPY"",""amount"":23788,""status"":""completed""}"	desktop
C913214	2025-03-28T08:15:37Z	"{""email"":""kim1975@example.jp"",""country"":""JP"",""phone"":""+81-90-2728-9882""}"	"[{""sku"":""WIDGET-311"",""qty"":5,""price"":18808}]"	"{""method"":""bank_transfer"",""currency"":""JPY"",""amount"":94040,""status"":""completed""}"	desktop
C908541	2025-03-28T14:40:13Z	"{""email"":""kim4777@example.jp"",""country"":""JP"",""phone"":""+81-90-2722-1871""}"	"[{""sku"":""WIDGET-228"",""qty"":3,""price"":8361}]"	"{""method"":""bank_transfer"",""currency"":""JPY"",""amount"":25083,""status"":""completed""}"	tablet
C908740	2025-03-28T03:55:50Z	"{""email"":""yamada5903@example.jp"",""country"":""JP"",""phone"":""+81-90-3391-3537""}"	"[{""sku"":""WIDGET-157"",""qty"":5,""price"":27530}]"	"{""method"":""mobile_wallet"",""currency"":""JPY"",""amount"":137650,""status"":""settled""}"	desktop
C914796	2025-03-28T01:05:30Z	"{""email"":""yamada8741@example.kr"",""country"":""KR"",""phone"":""+82-10-3694-7192""}"	"[{""sku"":""WIDGET-171"",""qty"":4,""price"":41008}]"	"{""method"":""credit_card"",""currency"":""KRW"",""amount"":164032,""status"":""settled""}"	tablet
C909585	2025-03-28T11:10:26Z	"{""email"":""suzuki9618@example.jp"",""country"":""JP"",""phone"":""+81-90-7387-1816""}"	"[{""sku"":""WIDGET-351"",""qty"":1,""price"":19975}]"	"{""method"":""credit_card"",""currency"":""JPY"",""amount"":19975,""status"":""completed""}"	desktop
C909342	2025-03-28T21:45:44Z	"{""email"":""yamada7049@example.kr"",""country"":""KR"",""phone"":""+82-10-1534-8403""}"	"[{""sku"":""WIDGET-355"",""qty"":4,""price"":99245}]"	"{""method"":""bank_transfer"",""currency"":""KRW"",""amount"":396980,""status"":""settled""}"	tablet
C909722	2025-03-28T10:15:56Z	"{""email"":""yamada1358@example.jp"",""country"":""JP"",""phone"":""+81-90-9982-7182""}"	"[{""sku"":""WIDGET-325"",""qty"":3,""price"":7115}]"	"{""method"":""bank_transfer"",""currency"":""JPY"",""amount"":21345,""status"":""settled""}"	desktop
C917679	2025-03-28T07:15:24Z	"{""email"":""suzuki4549@example.kr"",""country"":""KR"",""phone"":""+82-10-4794-9912""}"	"[{""sku"":""WIDGET-216"",""qty"":1,""price"":224978}]"	"{""method"":""mobile_wallet"",""currency"":""KRW"",""amount"":224978,""status"":""settled""}"	tablet
C913213	2025-03-28T15:50:31Z	"{""email"":""yamada8066@example.jp"",""country"":""JP"",""phone"":""+81-90-3399-8596""}"	"[{""sku"":""WIDGET-123"",""qty"":1,""price"":6830}]"	"{""method"":""credit_card"",""currency"":""JPY"",""amount"":6830,""status"":""settled""}"	tablet
C910489	2025-03-28T19:35:38Z	"{""email"":""park8444@example.kr"",""country"":""KR"",""phone"":""+82-10-1881-7626""}"	"[{""sku"":""WIDGET-224"",""qty"":3,""price"":72605}]"	"{""method"":""bank_transfer"",""currency"":""KRW"",""amount"":217815,""status"":""pending""}"	mobile
C917080	2025-03-28T16:10:30Z	"{""email"":""suzuki2607@example.kr"",""country"":""KR"",""phone"":""+82-10-6910-2012""}"	"[{""sku"":""WIDGET-151"",""qty"":5,""price"":84068}]"	"{""method"":""bank_transfer"",""currency"":""KRW"",""amount"":420340,""status"":""settled""}"	mobile
C913698	2025-03-28T11:05:54Z	"{""email"":""park5279@example.jp"",""country"":""JP"",""phone"":""+81-90-4565-3289""}"	"[{""sku"":""WIDGET-127"",""qty"":3,""price"":10833}]"	"{""method"":""credit_card"",""currency"":""JPY"",""amount"":32499,""status"":""settled""}"	tablet
C916786	2025-03-28T09:00:11Z	"{""email"":""yamada1494@example.kr"",""country"":""KR"",""phone"":""+82-10-7853-4458""}"	"[{""sku"":""WIDGET-372"",""qty"":4,""price"":157830}]"	"{""method"":""bank_transfer"",""currency"":""KRW"",""amount"":631320,""status"":""settled""}"	mobile
C914863	2025-03-28T17:55:07Z	"{""email"":""lee2648@example.jp"",""country"":""JP"",""phone"":""+81-90-9583-9929""}"	"[{""sku"":""WIDGET-183"",""qty"":5,""price"":4696}]"	"{""method"":""bank_transfer"",""currency"":""JPY"",""amount"":23480,""status"":""settled""}"	mobile
C911845	2025-03-28T07:45:54Z	"{""email"":""tanaka9074@example.kr"",""country"":""KR"",""phone"":""+82-10-2819-9161""}"	"[{""sku"":""WIDGET-115"",""qty"":3,""price"":34199}]"	"{""method"":""bank_transfer"",""currency"":""KRW"",""amount"":102597,""status"":""settled""}"	desktop
C908312	2025-03-28T08:50:46Z	"{""email"":""yamada2134@example.jp"",""country"":""JP"",""phone"":""+81-90-9854-9965""}"	"[{""sku"":""WIDGET-252"",""qty"":4,""price"":18163}]"	"{""method"":""credit_card"",""currency"":""JPY"",""amount"":72652,""status"":""completed""}"	desktop
C911964	2025-03-28T08:50:55Z	"{""email"":""lee3471@example.jp"",""country"":""JP"",""phone"":""+81-90-5574-8392""}"	"[{""sku"":""WIDGET-348"",""qty"":2,""price"":14679}]"	"{""method"":""bank_transfer"",""currency"":""JPY"",""amount"":29358,""status"":""settled""}"	desktop
C912795	2025-03-28T13:35:39Z	"{""email"":""tanaka2097@example.jp"",""country"":""JP"",""phone"":""+81-90-2723-9974""}"	"[{""sku"":""WIDGET-187"",""qty"":4,""price"":23701}]"	"{""method"":""bank_transfer"",""currency"":""JPY"",""amount"":94804,""status"":""settled""}"	desktop
C917825	2025-03-28T05:15:46Z	"{""email"":""kim4515@example.jp"",""country"":""JP"",""phone"":""+81-90-3401-7604""}"	"[{""sku"":""WIDGET-208"",""qty"":3,""price"":17282}]"	"{""method"":""credit_card"",""currency"":""JPY"",""amount"":51846,""status"":""settled""}"	desktop
C908490	2025-03-28T18:30:03Z	"{""email"":""suzuki2552@example.jp"",""country"":""JP"",""phone"":""+81-90-1082-1935""}"	"[{""sku"":""WIDGET-343"",""qty"":3,""price"":3219}]"	"{""method"":""mobile_wallet"",""currency"":""JPY"",""amount"":9657,""status"":""settled""}"	desktop
C912017	2025-03-28T17:45:22Z	"{""email"":""lee8590@example.jp"",""country"":""JP"",""phone"":""+81-90-8702-9075""}"	"[{""sku"":""WIDGET-337"",""qty"":2,""price"":4068}]"	"{""method"":""mobile_wallet"",""currency"":""JPY"",""amount"":8136,""status"":""settled""}"	tablet
C908482	2025-03-28T22:40:01Z	"{""email"":""suzuki7237@example.kr"",""country"":""KR"",""phone"":""+82-10-4041-3038""}"	"[{""sku"":""WIDGET-334"",""qty"":1,""price"":30655}]"	"{""method"":""bank_transfer"",""currency"":""KRW"",""amount"":30655,""status"":""completed""}"	mobile
C913957	2025-03-28T17:20:14Z	"{""email"":""tanaka5064@example.jp"",""country"":""JP"",""phone"":""+81-90-3251-5557""}"	"[{""sku"":""WIDGET-227"",""qty"":2,""price"":20205}]"	"{""method"":""bank_transfer"",""currency"":""JPY"",""amount"":40410,""status"":""settled""}"	mobile
C910707	2025-03-28T10:10:46Z	"{""email"":""tanaka1196@example.kr"",""country"":""KR"",""phone"":""+82-10-7491-4360""}"	"[{""sku"":""WIDGET-128"",""qty"":1,""price"":24001}]"	"{""method"":""mobile_wallet"",""currency"":""KRW"",""amount"":24001,""status"":""settled""}"	desktop
C913022	2025-03-28T14:40:04Z	"{""email"":""lee2976@example.kr"",""country"":""KR"",""phone"":""+82-10-4460-6639""}"	"[{""sku"":""WIDGET-206"",""qty"":4,""price"":168146}]"	"{""method"":""credit_card"",""currency"":""KRW"",""amount"":672584,""status"":""pending""}"	desktop
C917546	2025-03-28T12:55:32Z	"{""email"":""tanaka3456@example.jp"",""country"":""JP"",""phone"":""+81-90-5757-5303""}"	"[{""sku"":""WIDGET-232"",""qty"":3,""price"":7612}]"	"{""method"":""mobile_wallet"",""currency"":""JPY"",""amount"":22836,""status"":""completed""}"	tablet
C916650	2025-03-28T04:00:45Z	"{""email"":""kim8880@example.jp"",""country"":""JP"",""phone"":""+81-90-8083-1239""}"	"[{""sku"":""WIDGET-163"",""qty"":1,""price"":22485}]"	"{""method"":""mobile_wallet"",""currency"":""JPY"",""amount"":22485,""status"":""settled""}"	tablet
C912662	2025-03-28T12:25:32Z	"{""email"":""park6193@example.jp"",""country"":""JP"",""phone"":""+81-90-6992-9439""}"	"[{""sku"":""WIDGET-108"",""qty"":1,""price"":12741}]"	"{""method"":""mobile_wallet"",""currency"":""JPY"",""amount"":12741,""status"":""completed""}"	tablet
C918661	2025-03-28T06:25:11Z	"{""email"":""park6553@example.kr"",""country"":""KR"",""phone"":""+82-10-4486-3039""}"	"[{""sku"":""WIDGET-289"",""qty"":5,""price"":243294}]"	"{""method"":""mobile_wallet"",""currency"":""KRW"",""amount"":1216470,""status"":""settled""}"	desktop
C911738	2025-03-28T01:20:28Z	"{""email"":""kim571@example.jp"",""country"":""JP"",""phone"":""+81-90-4934-5594""}"	"[{""sku"":""WIDGET-314"",""qty"":1,""price"":14126}]"	"{""method"":""bank_transfer"",""currency"":""JPY"",""amount"":14126,""status"":""completed""}"	tablet
C908769	2025-03-28T10:55:53Z	"{""email"":""park2777@example.kr"",""country"":""KR"",""phone"":""+82-10-2205-2832""}"	"[{""sku"":""WIDGET-187"",""qty"":1,""price"":231847}]"	"{""method"":""credit_card"",""currency"":""KRW"",""amount"":231847,""status"":""completed""}"	tablet
C912149	2025-03-28T21:40:20Z	"{""email"":""yamada6525@example.kr"",""country"":""KR"",""phone"":""+82-10-2501-2791""}"	"[{""sku"":""WIDGET-357"",""qty"":4,""price"":24165}]"	"{""method"":""credit_card"",""currency"":""KRW"",""amount"":96660,""status"":""settled""}"	tablet
C909506	2025-03-28T04:25:15Z	"{""email"":""park403@example.kr"",""country"":""KR"",""phone"":""+82-10-4362-8212""}"	"[{""sku"":""WIDGET-142"",""qty"":5,""price"":38358}]"	"{""method"":""bank_transfer"",""currency"":""KRW"",""amount"":191790,""status"":""completed""}"	mobile
C909106	2025-03-28T08:35:58Z	"{""email"":""kim6969@example.kr"",""country"":""KR"",""phone"":""+82-10-2424-3704""}"	"[{""sku"":""WIDGET-280"",""qty"":2,""price"":80732}]"	"{""method"":""credit_card"",""currency"":""KRW"",""amount"":161464,""status"":""completed""}"	tablet
C913283	2025-03-28T05:00:32Z	"{""email"":""suzuki3192@example.jp"",""country"":""JP"",""phone"":""+81-90-8423-3407""}"	"[{""sku"":""WIDGET-378"",""qty"":4,""price"":24134}]"	"{""method"":""credit_card"",""currency"":""JPY"",""amount"":96536,""status"":""settled""}"	tablet
C911506	2025-03-28T01:30:45Z	"{""email"":""park5614@example.kr"",""country"":""KR"",""phone"":""+82-10-3202-1081""}"	"[{""sku"":""WIDGET-184"",""qty"":3,""price"":108123}]"	"{""method"":""credit_card"",""currency"":""KRW"",""amount"":324369,""status"":""completed""}"	tablet
C917296	2025-03-28T16:00:58Z	"{""email"":""kim8171@example.jp"",""country"":""JP"",""phone"":""+81-90-6253-6171""}"	"[{""sku"":""WIDGET-359"",""qty"":4,""price"":27732}]"	"{""method"":""mobile_wallet"",""currency"":""JPY"",""amount"":110928,""status"":""settled""}"	mobile
C910322	2025-03-28T00:35:16Z	"{""email"":""suzuki4385@example.jp"",""country"":""JP"",""phone"":""+81-90-3308-8729""}"	"[{""sku"":""WIDGET-379"",""qty"":1,""price"":19261}]"	"{""method"":""bank_transfer"",""currency"":""JPY"",""amount"":19261,""status"":""settled""}"	desktop
C915439	2025-03-28T04:55:51Z	"{""email"":""suzuki4924@example.jp"",""country"":""JP"",""phone"":""+81-90-3953-9859""}"	"[{""sku"":""WIDGET-300"",""qty"":2,""price"":11905}]"	"{""method"":""bank_transfer"",""currency"":""JPY"",""amount"":23810,""status"":""settled""}"	mobile
C916222	2025-03-28T19:25:30Z	"{""email"":""tanaka6470@example.jp"",""country"":""JP"",""phone"":""+81-90-9192-8467""}"	"[{""sku"":""WIDGET-244"",""qty"":1,""price"":3597}]"	"{""method"":""credit_card"",""currency"":""JPY"",""amount"":3597,""status"":""settled""}"	tablet
C915375	2025-03-28T03:45:13Z	"{""email"":""yamada8571@example.jp"",""country"":""JP"",""phone"":""+81-90-1130-2980""}"	"[{""sku"":""WIDGET-243"",""qty"":3,""price"":14342}]"	"{""method"":""credit_card"",""currency"":""JPY"",""amount"":43026,""status"":""settled""}"	mobile
C913059	2025-03-28T17:10:21Z	"{""email"":""kim8404@example.jp"",""country"":""JP""}"	"[{""sku"":""WIDGET-371"",""qty"":2,""price"":16297}]"	"{""method"":""bank_transfer"",""currency"":""JPY"",""amount"":32594,""status"":""completed""}"	desktop
C917403	2025-03-28T19:45:18Z	"{""email"":""tanaka1819@example.jp"",""country"":""JP"",""phone"":""+81-90-4544-1478""}"	"[{""sku"":""WIDGET-153"",""qty"":2,""price"":13569}]"	"{""method"":""bank_transfer"",""currency"":""JPY"",""amount"":27138,""status"":""completed""}"	mobile
C909979	2025-03-28T04:10:46Z	"{""email"":""yamada6435@example.jp"",""country"":""JP"",""phone"":""+81-90-8687-4202""}"	"[{""sku"":""WIDGET-354"",""qty"":2,""price"":12460}]"	"{""method"":""mobile_wallet"",""currency"":""JPY"",""amount"":24920,""status"":""completed""}"	desktop
C915360	2025-03-28T21:20:03Z	"{""email"":""suzuki2644@example.jp"",""country"":""JP""}"	"[{""sku"":""WIDGET-302"",""qty"":1,""price"":23842}]"	"{""method"":""bank_transfer"",""currency"":""JPY"",""amount"":23842,""status"":""completed""}"	tablet
C914212	2025-03-28T14:10:59Z	"{""email"":""tanaka2922@example.kr"",""country"":""KR"",""phone"":""+82-10-9260-9915""}"	"[{""sku"":""WIDGET-148"",""qty"":3,""price"":74075}]"	"{""method"":""bank_transfer"",""currency"":""KRW"",""amount"":222225,""status"":""pending""}"	mobile
C911859	2025-03-28T19:20:19Z	"{""email"":""kim4138@example.jp"",""country"":""JP"",""phone"":""+81-90-7650-8989""}"	"[{""sku"":""WIDGET-294"",""qty"":2,""price"":23110}]"	"{""method"":""bank_transfer"",""currency"":""JPY"",""amount"":46220,""status"":""settled""}"	tablet
C918072	2025-03-28T23:05:00Z	"{""email"":""suzuki4690@example.kr"",""country"":""KR"",""phone"":""+82-10-2783-9583""}"	"[{""sku"":""WIDGET-144"",""qty"":4,""price"":152015}]"	"{""method"":""bank_transfer"",""currency"":""KRW"",""amount"":608060,""status"":""settled""}"	desktop
C909022	2025-03-28T14:25:16Z	"{""email"":""lee668@example.kr"",""country"":""KR"",""phone"":""+82-10-3427-4862""}"	"[{""sku"":""WIDGET-269"",""qty"":3,""price"":228619}]"	"{""method"":""mobile_wallet"",""currency"":""KRW"",""amount"":685857,""status"":""pending""}"	desktop
C916133	2025-03-28T08:10:30Z	"{""email"":""kim7628@example.jp"",""country"":""JP"",""phone"":""+81-90-7545-7099""}"	"[{""sku"":""WIDGET-192"",""qty"":1,""price"":19065}]"	"{""method"":""mobile_wallet"",""currency"":""JPY"",""amount"":19065,""status"":""settled""}"	tablet
C917974	2025-03-28T17:50:49Z	"{""email"":""suzuki7716@example.jp"",""country"":""JP"",""phone"":""+81-90-7220-3249""}"	"[{""sku"":""WIDGET-145"",""qty"":4,""price"":18754}]"	"{""method"":""mobile_wallet"",""currency"":""JPY"",""amount"":75016,""status"":""pending""}"	mobile
C908370	2025-03-28T19:00:50Z	"{""email"":""kim9080@example.jp"",""country"":""JP"",""phone"":""+81-90-6054-3904""}"	"[{""sku"":""WIDGET-268"",""qty"":3,""price"":10192}]"	"{""method"":""mobile_wallet"",""currency"":""JPY"",""amount"":30576,""status"":""settled""}"	tablet
C914781	2025-03-28T09:15:20Z	"{""email"":""tanaka6441@example.kr"",""country"":""KR"",""phone"":""+82-10-6549-2859""}"	"[{""sku"":""WIDGET-185"",""qty"":5,""price"":220765}]"	"{""method"":""bank_transfer"",""currency"":""KRW"",""amount"":1103825,""status"":""settled""}"	desktop
C913270	2025-03-28T06:15:33Z	"{""email"":""suzuki5933@example.kr"",""country"":""KR"",""phone"":""+82-10-5350-4762""}"	"[{""sku"":""WIDGET-290"",""qty"":1,""price"":97928}]"	"{""method"":""mobile_wallet"",""currency"":""KRW"",""amount"":97928,""status"":""pending""}"	tablet
C909141	2025-03-28T17:55:20Z	"{""email"":""suzuki7998@example.kr"",""country"":""KR"",""phone"":""+82-10-7929-5183""}"	"[{""sku"":""WIDGET-386"",""qty"":3,""price"":130054}]"	"{""method"":""credit_card"",""currency"":""KRW"",""amount"":390162,""status"":""completed""}"	tablet
C910784	2025-03-28T10:00:40Z	"{""email"":""kim1524@example.kr"",""country"":""KR"",""phone"":""+82-10-8168-8188""}"	"[{""sku"":""WIDGET-167"",""qty"":3,""price"":72105}]"	"{""method"":""credit_card"",""currency"":""KRW"",""amount"":216315,""status"":""completed""}"	tablet
C910009	2025-03-28T14:35:11Z	"{""email"":""suzuki5384@example.kr"",""country"":""KR"",""phone"":""+82-10-7943-1614""}"	"[{""sku"":""WIDGET-314"",""qty"":1,""price"":212589}]"	"{""method"":""mobile_wallet"",""currency"":""KRW"",""amount"":212589,""status"":""completed""}"	mobile
C916684	2025-03-28T15:05:54Z	"{""email"":""park8134@example.kr"",""country"":""KR"",""phone"":""+82-10-2489-9112""}"	"[{""sku"":""WIDGET-211"",""qty"":2,""price"":168080}]"	"{""method"":""mobile_wallet"",""currency"":""KRW"",""amount"":336160,""status"":""completed""}"	mobile
C916468	2025-03-28T04:30:52Z	"{""email"":""park7783@example.jp"",""country"":""JP"",""phone"":""+81-90-3088-5462""}"	"[{""sku"":""WIDGET-242"",""qty"":2,""price"":4942}]"	"{""method"":""bank_transfer"",""currency"":""JPY"",""amount"":9884,""status"":""completed""}"	tablet
C909124	2025-03-28T21:20:06Z	"{""email"":""park741@example.kr"",""country"":""KR"",""phone"":""+82-10-9286-6425""}"	"[{""sku"":""WIDGET-385"",""qty"":4,""price"":198358}]"	"{""method"":""bank_transfer"",""currency"":""KRW"",""amount"":793432,""status"":""completed""}"	mobile
C914956	2025-03-28T22:45:54Z	"{""email"":""yamada174@example.kr"",""country"":""KR"",""phone"":""+82-10-9053-7973""}"	"[{""sku"":""WIDGET-236"",""qty"":4,""price"":15308}]"	"{""method"":""bank_transfer"",""currency"":""KRW"",""amount"":61232,""status"":""settled""}"	desktop
C916687	2025-03-28T17:15:58Z	"{""email"":""yamada3013@example.jp"",""country"":""JP"",""phone"":""+81-90-3946-9635""}"	"[{""sku"":""WIDGET-371"",""qty"":3,""price"":15712}]"	"{""method"":""bank_transfer"",""currency"":""JPY"",""amount"":47136,""status"":""settled""}"	tablet
C918404	2025-03-28T15:05:27Z	"{""email"":""suzuki6101@example.jp"",""country"":""JP"",""phone"":""+81-90-7895-2869""}"	"[{""sku"":""WIDGET-328"",""qty"":1,""price"":7482}]"	"{""method"":""credit_card"",""currency"":""JPY"",""amount"":7482,""status"":""settled""}"	desktop
C914117	2025-03-28T07:15:58Z	"{""email"":""kim678@example.jp"",""country"":""JP"",""phone"":""+81-90-2587-7847""}"	"[{""sku"":""WIDGET-363"",""qty"":4,""price"":24474}]"	"{""method"":""mobile_wallet"",""currency"":""JPY"",""amount"":97896,""status"":""completed""}"	tablet
C908467	2025-03-28T01:30:51Z	"{""email"":""yamada3377@example.jp"",""country"":""JP"",""phone"":""+81-90-1713-1722""}"	"[{""sku"":""WIDGET-329"",""qty"":4,""price"":8327}]"	"{""method"":""credit_card"",""currency"":""JPY"",""amount"":33308,""status"":""completed""}"	desktop
C908603	2025-03-28T07:35:18Z	"{""email"":""kim6002@example.kr"",""country"":""KR"",""phone"":""+82-10-1399-8133""}"	"[{""sku"":""WIDGET-107"",""qty"":3,""price"":113580}]"	"{""method"":""mobile_wallet"",""currency"":""KRW"",""amount"":340740,""status"":""settled""}"	desktop
C913217	2025-03-28T21:20:22Z	"{""email"":""park853@example.kr"",""country"":""KR"",""phone"":""+82-10-9236-8950""}"	"[{""sku"":""WIDGET-313"",""qty"":2,""price"":74503}]"	"{""method"":""mobile_wallet"",""currency"":""KRW"",""amount"":149006,""status"":""completed""}"	desktop
C917841	2025-03-28T04:00:27Z	"{""email"":""yamada869@example.jp"",""country"":""JP"",""phone"":""+81-90-6829-6135""}"	"[{""sku"":""WIDGET-122"",""qty"":2,""price"":13311}]"	"{""method"":""mobile_wallet"",""currency"":""JPY"",""amount"":26622,""status"":""settled""}"	tablet
C911998	2025-03-28T14:10:17Z	"{""email"":""park8690@example.jp"",""country"":""JP"",""phone"":""+81-90-8413-4409""}"	"[{""sku"":""WIDGET-321"",""qty"":5,""price"":21332}]"	"{""method"":""credit_card"",""currency"":""JPY"",""amount"":106660,""status"":""completed""}"	mobile
C909880	2025-03-28T06:35:58Z	"{""email"":""lee2007@example.kr"",""country"":""KR""}"	"[{""sku"":""WIDGET-200"",""qty"":4,""price"":126093}]"	"{""method"":""bank_transfer"",""currency"":""KRW"",""amount"":504372,""status"":""settled""}"	desktop
C908259	2025-03-28T08:40:32Z	"{""email"":""suzuki8439@example.jp"",""country"":""JP""}"	"[{""sku"":""WIDGET-222"",""qty"":5,""price"":16404}]"	"{""method"":""mobile_wallet"",""currency"":""JPY"",""amount"":82020,""status"":""settled""}"	desktop
C917150	2025-03-28T23:00:01Z	"{""email"":""yamada8845@example.jp"",""country"":""JP"",""phone"":""+81-90-6215-3435""}"	"[{""sku"":""WIDGET-328"",""qty"":3,""price"":29479}]"	"{""method"":""bank_transfer"",""currency"":""JPY"",""amount"":88437,""status"":""completed""}"	tablet
C916000	2025-03-28T13:35:46Z	"{""email"":""kim8849@example.jp"",""country"":""JP"",""phone"":""+81-90-1779-1038""}"	"[{""sku"":""WIDGET-309"",""qty"":5,""price"":16973}]"	"{""method"":""credit_card"",""currency"":""JPY"",""amount"":84865,""status"":""settled""}"	tablet
C910513	2025-03-28T21:20:27Z	"{""email"":""suzuki9255@example.jp"",""country"":""JP"",""phone"":""+81-90-5480-2107""}"	"[{""sku"":""WIDGET-290"",""qty"":5,""price"":11502}]"	"{""method"":""bank_transfer"",""currency"":""JPY"",""amount"":57510,""status"":""settled""}"	mobile
C915075	2025-03-28T23:15:18Z	"{""email"":""kim1967@example.kr"",""country"":""KR"",""phone"":""+82-10-5683-6122""}"	"[{""sku"":""WIDGET-186"",""qty"":2,""price"":101440}]"	"{""method"":""mobile_wallet"",""currency"":""KRW"",""amount"":202880,""status"":""completed""}"	desktop
C911457	2025-03-28T00:05:22Z	"{""email"":""kim2634@example.jp"",""country"":""JP"",""phone"":""+81-90-7958-4774""}"	"[{""sku"":""WIDGET-233"",""qty"":5,""price"":11811}]"	"{""method"":""bank_transfer"",""currency"":""JPY"",""amount"":59055,""status"":""settled""}"	mobile
C914694	2025-03-28T12:40:27Z	"{""email"":""park5957@example.jp"",""country"":""JP"",""phone"":""+81-90-5617-7706""}"	"[{""sku"":""WIDGET-305"",""qty"":4,""price"":1529}]"	"{""method"":""credit_card"",""currency"":""JPY"",""amount"":6116,""status"":""completed""}"	desktop
C914936	2025-03-28T03:55:08Z	"{""email"":""lee1754@example.jp"",""country"":""JP"",""phone"":""+81-90-3633-3124""}"	"[{""sku"":""WIDGET-398"",""qty"":1,""price"":8395}]"	"{""method"":""credit_card"",""currency"":""JPY"",""amount"":8395,""status"":""settled""}"	desktop
C908366	2025-03-28T17:20:11Z	"{""email"":""tanaka724@example.kr"",""country"":""KR"",""phone"":""+82-10-5377-5959""}"	"[{""sku"":""WIDGET-299"",""qty"":1,""price"":26207}]"	"{""method"":""mobile_wallet"",""currency"":""KRW"",""amount"":26207,""status"":""completed""}"	tablet
C909172	2025-03-28T03:40:03Z	"{""email"":""suzuki4496@example.jp"",""country"":""JP"",""phone"":""+81-90-2467-9271""}"	"[{""sku"":""WIDGET-342"",""qty"":5,""price"":15532}]"	"{""method"":""mobile_wallet"",""currency"":""JPY"",""amount"":77660,""status"":""settled""}"	mobile
C915149	2025-03-28T15:55:50Z	"{""email"":""lee3669@example.kr"",""country"":""KR"",""phone"":""+82-10-2883-1252""}"	"[{""sku"":""WIDGET-297"",""qty"":5,""price"":40680}]"	"{""method"":""credit_card"",""currency"":""KRW"",""amount"":203400,""status"":""settled""}"	tablet
C918252	2025-03-28T16:45:42Z	"{""email"":""park6396@example.kr"",""country"":""KR"",""phone"":""+82-10-7598-9959""}"	"[{""sku"":""WIDGET-308"",""qty"":5,""price"":22215}]"	"{""method"":""credit_card"",""currency"":""KRW"",""amount"":111075,""status"":""completed""}"	tablet
C915497	2025-03-28T20:00:43Z	"{""email"":""park9263@example.kr"",""country"":""KR"",""phone"":""+82-10-4968-1477""}"	"[{""sku"":""WIDGET-234"",""qty"":1,""price"":155944}]"	"{""method"":""bank_transfer"",""currency"":""KRW"",""amount"":155944,""status"":""completed""}"	desktop
C915137	2025-03-28T05:40:06Z	"{""email"":""suzuki4840@example.kr"",""country"":""KR"",""phone"":""+82-10-8077-2571""}"	"[{""sku"":""WIDGET-274"",""qty"":2,""price"":136139}]"	"{""method"":""credit_card"",""currency"":""KRW"",""amount"":272278,""status"":""settled""}"	mobile
C912140	2025-03-28T08:30:39Z	"{""email"":""lee7806@example.jp"",""country"":""JP"",""phone"":""+81-90-6906-4589""}"	"[{""sku"":""WIDGET-131"",""qty"":5,""price"":26589}]"	"{""method"":""mobile_wallet"",""currency"":""JPY"",""amount"":132945,""status"":""settled""}"	desktop
C917054	2025-03-28T18:10:24Z	"{""email"":""kim3987@example.jp"",""country"":""JP"",""phone"":""+81-90-9730-8047""}"	"[{""sku"":""WIDGET-229"",""qty"":1,""price"":5922}]"	"{""method"":""credit_card"",""currency"":""JPY"",""amount"":5922,""status"":""settled""}"	desktop
C917682	2025-03-28T05:45:37Z	"{""email"":""yamada1452@example.jp"",""country"":""JP""}"	"[{""sku"":""WIDGET-385"",""qty"":5,""price"":15469}]"	"{""method"":""mobile_wallet"",""currency"":""JPY"",""amount"":77345,""status"":""settled""}"	desktop
C917302	2025-03-28T23:55:17Z	"{""email"":""kim3478@example.kr"",""country"":""KR"",""phone"":""+82-10-3393-8956""}"	"[{""sku"":""WIDGET-325"",""qty"":5,""price"":106259}]"	"{""method"":""mobile_wallet"",""currency"":""KRW"",""amount"":531295,""status"":""settled""}"	mobile
C918129	2025-03-28T03:20:42Z	"{""email"":""kim3057@example.kr"",""country"":""KR"",""phone"":""+82-10-1102-8546""}"	"[{""sku"":""WIDGET-226"",""qty"":2,""price"":225283}]"	"{""method"":""bank_transfer"",""currency"":""KRW"",""amount"":450566,""status"":""settled""}"	tablet
C911648	2025-03-28T01:20:06Z	"{""email"":""suzuki276@example.kr"",""country"":""KR""}"	"[{""sku"":""WIDGET-287"",""qty"":2,""price"":231912}]"	"{""method"":""credit_card"",""currency"":""KRW"",""amount"":463824,""status"":""settled""}"	tablet
C913554	2025-03-28T17:45:17Z	"{""email"":""yamada1266@example.jp"",""country"":""JP"",""phone"":""+81-90-3033-6661""}"	"[{""sku"":""WIDGET-399"",""qty"":4,""price"":5672}]"	"{""method"":""bank_transfer"",""currency"":""JPY"",""amount"":22688,""status"":""settled""}"	tablet
C917375	2025-03-28T16:30:08Z	"{""email"":""kim4361@example.jp"",""country"":""JP"",""phone"":""+81-90-7107-4201""}"	"[{""sku"":""WIDGET-105"",""qty"":3,""price"":23648}]"	"{""method"":""bank_transfer"",""currency"":""JPY"",""amount"":70944,""status"":""completed""}"	tablet
C917211	2025-03-28T12:05:33Z	"{""email"":""lee1177@example.kr"",""country"":""KR"",""phone"":""+82-10-8289-9722""}"	"[{""sku"":""WIDGET-150"",""qty"":4,""price"":166933}]"	"{""method"":""credit_card"",""currency"":""KRW"",""amount"":667732,""status"":""settled""}"	mobile
C913678	2025-03-28T00:10:32Z	"{""email"":""yamada7070@example.kr"",""country"":""KR"",""phone"":""+82-10-1512-7449""}"	"[{""sku"":""WIDGET-100"",""qty"":2,""price"":121237}]"	"{""method"":""credit_card"",""currency"":""KRW"",""amount"":242474,""status"":""settled""}"	desktop
C915452	2025-03-28T20:05:55Z	"{""email"":""suzuki7763@example.jp"",""country"":""JP"",""phone"":""+81-90-2694-7677""}"	"[{""sku"":""WIDGET-335"",""qty"":5,""price"":8501}]"	"{""method"":""credit_card"",""currency"":""JPY"",""amount"":42505,""status"":""pending""}"	desktop
C916093	2025-03-28T17:15:32Z	"{""email"":""kim2547@example.kr"",""country"":""KR""}"	"[{""sku"":""WIDGET-331"",""qty"":5,""price"":199111}]"	"{""method"":""bank_transfer"",""currency"":""KRW"",""amount"":995555,""status"":""settled""}"	desktop
C915469	2025-03-28T16:15:07Z	"{""email"":""tanaka2344@example.kr"",""country"":""KR"",""phone"":""+82-10-2968-2218""}"	"[{""sku"":""WIDGET-112"",""qty"":3,""price"":163268}]"	"{""method"":""bank_transfer"",""currency"":""KRW"",""amount"":489804,""status"":""settled""}"	mobile
C912580	2025-03-28T12:10:39Z	"{""email"":""yamada9287@example.kr"",""country"":""KR"",""phone"":""+82-10-3206-2035""}"	"[{""sku"":""WIDGET-167"",""qty"":2,""price"":250096}]"	"{""method"":""credit_card"",""currency"":""KRW"",""amount"":500192,""status"":""completed""}"	tablet
C911098	2025-03-28T15:30:50Z	"{""email"":""park8464@example.jp"",""country"":""JP"",""phone"":""+81-90-6813-5317""}"	"[{""sku"":""WIDGET-365"",""qty"":2,""price"":4656}]"	"{""method"":""credit_card"",""currency"":""JPY"",""amount"":9312,""status"":""pending""}"	tablet
C914340	2025-03-28T06:35:04Z	"{""email"":""yamada6048@example.kr"",""country"":""KR"",""phone"":""+82-10-1717-7342""}"	"[{""sku"":""WIDGET-388"",""qty"":5,""price"":168899}]"	"{""method"":""credit_card"",""currency"":""KRW"",""amount"":844495,""status"":""completed""}"	mobile
C911489	2025-03-28T12:50:52Z	"{""email"":""yamada1085@example.jp"",""country"":""JP"",""phone"":""+81-90-6092-8774""}"	"[{""sku"":""WIDGET-287"",""qty"":1,""price"":17642}]"	"{""method"":""bank_transfer"",""currency"":""JPY"",""amount"":17642,""status"":""pending""}"	mobile
C917507	2025-03-28T23:05:21Z	"{""email"":""yamada4133@example.kr"",""country"":""KR"",""phone"":""+82-10-7063-9551""}"	"[{""sku"":""WIDGET-233"",""qty"":1,""price"":186166}]"	"{""method"":""mobile_wallet"",""currency"":""KRW"",""amount"":186166,""status"":""settled""}"	desktop
C916762	2025-03-28T23:40:16Z	"{""email"":""suzuki3034@example.kr"",""country"":""KR"",""phone"":""+82-10-7960-5443""}"	"[{""sku"":""WIDGET-110"",""qty"":5,""price"":60133}]"	"{""method"":""credit_card"",""currency"":""KRW"",""amount"":300665,""status"":""settled""}"	desktop
C913695	2025-03-28T17:35:33Z	"{""email"":""suzuki732@example.kr"",""country"":""KR"",""phone"":""+82-10-6973-1161""}"	"[{""sku"":""WIDGET-184"",""qty"":3,""price"":202061}]"	"{""method"":""bank_transfer"",""currency"":""KRW"",""amount"":606183,""status"":""completed""}"	mobile
C915725	2025-03-28T22:20:02Z	"{""email"":""yamada7790@example.jp"",""country"":""JP"",""phone"":""+81-90-9833-6528""}"	"[{""sku"":""WIDGET-387"",""qty"":5,""price"":25550}]"	"{""method"":""mobile_wallet"",""currency"":""JPY"",""amount"":127750,""status"":""completed""}"	tablet
C916023	2025-03-28T09:55:27Z	"{""email"":""suzuki9375@example.jp"",""country"":""JP"",""phone"":""+81-90-9756-4530""}"	"[{""sku"":""WIDGET-162"",""qty"":5,""price"":4450}]"	"{""method"":""bank_transfer"",""currency"":""JPY"",""amount"":22250,""status"":""settled""}"	desktop
C910452	2025-03-28T23:45:31Z	"{""email"":""lee364@example.kr"",""country"":""KR"",""phone"":""+82-10-1421-7153""}"	"[{""sku"":""WIDGET-160"",""qty"":5,""price"":129932}]"	"{""method"":""bank_transfer"",""currency"":""KRW"",""amount"":649660,""status"":""settled""}"	mobile
C913534	2025-03-28T01:45:18Z	"{""email"":""park5732@example.kr"",""country"":""KR"",""phone"":""+82-10-5695-8184""}"	"[{""sku"":""WIDGET-132"",""qty"":4,""price"":95072}]"	"{""method"":""credit_card"",""currency"":""KRW"",""amount"":380288,""status"":""pending""}"	desktop
C908323	2025-03-28T17:05:31Z	"{""email"":""kim2304@example.kr"",""country"":""KR"",""phone"":""+82-10-3526-7503""}"	"[{""sku"":""WIDGET-394"",""qty"":3,""price"":174513}]"	"{""method"":""credit_card"",""currency"":""KRW"",""amount"":523539,""status"":""settled""}"	tablet
C911876	2025-03-28T13:25:44Z	"{""email"":""suzuki5463@example.kr"",""country"":""KR"",""phone"":""+82-10-9542-5768""}"	"[{""sku"":""WIDGET-386"",""qty"":1,""price"":252020}]"	"{""method"":""bank_transfer"",""currency"":""KRW"",""amount"":252020,""status"":""settled""}"	desktop
C909262	2025-03-28T18:00:09Z	"{""email"":""kim5400@example.kr"",""country"":""KR"",""phone"":""+82-10-9801-5704""}"	"[{""sku"":""WIDGET-343"",""qty"":2,""price"":252218}]"	"{""method"":""mobile_wallet"",""currency"":""KRW"",""amount"":504436,""status"":""settled""}"	tablet
C917872	2025-03-28T03:10:58Z	"{""email"":""yamada6427@example.jp"",""country"":""JP"",""phone"":""+81-90-5815-4900""}"	"[{""sku"":""WIDGET-120"",""qty"":2,""price"":8998}]"	"{""method"":""bank_transfer"",""currency"":""JPY"",""amount"":17996,""status"":""completed""}"	tablet
C918631	2025-03-28T23:15:37Z	"{""email"":""yamada3021@example.kr"",""country"":""KR"",""phone"":""+82-10-2040-8748""}"	"[{""sku"":""WIDGET-199"",""qty"":3,""price"":121157}]"	"{""method"":""bank_transfer"",""currency"":""KRW"",""amount"":363471,""status"":""settled""}"	desktop
C911067	2025-03-28T10:00:37Z	"{""email"":""kim8178@example.jp"",""country"":""JP"",""phone"":""+81-90-4201-5541""}"	"[{""sku"":""WIDGET-376"",""qty"":1,""price"":24076}]"	"{""method"":""mobile_wallet"",""currency"":""JPY"",""amount"":24076,""status"":""completed""}"	tablet
C912206	2025-03-28T19:55:36Z	"{""email"":""yamada7887@example.jp"",""country"":""JP"",""phone"":""+81-90-3694-2778""}"	"[{""sku"":""WIDGET-316"",""qty"":5,""price"":24556}]"	"{""method"":""mobile_wallet"",""currency"":""JPY"",""amount"":122780,""status"":""settled""}"	mobile
C913608	2025-03-28T19:45:47Z	"{""email"":""lee2420@example.kr"",""country"":""KR"",""phone"":""+82-10-9939-4753""}"	"[{""sku"":""WIDGET-221"",""qty"":1,""price"":85152}]"	"{""method"":""bank_transfer"",""currency"":""KRW"",""amount"":85152,""status"":""settled""}"	desktop
C917784	2025-03-28T04:55:13Z	"{""email"":""lee9120@example.jp"",""country"":""JP"",""phone"":""+81-90-6464-9833""}"	"[{""sku"":""WIDGET-255"",""qty"":5,""price"":28318}]"	"{""method"":""bank_transfer"",""currency"":""JPY"",""amount"":141590,""status"":""settled""}"	desktop
C908633	2025-03-28T11:35:53Z	"{""email"":""park9000@example.jp"",""country"":""JP"",""phone"":""+81-90-2111-2045""}"	"[{""sku"":""WIDGET-389"",""qty"":1,""price"":23575}]"	"{""method"":""mobile_wallet"",""currency"":""JPY"",""amount"":23575,""status"":""completed""}"	desktop
C913924	2025-03-28T12:45:17Z	"{""email"":""lee9172@example.jp"",""country"":""JP"",""phone"":""+81-90-1533-6062""}"	"[{""sku"":""WIDGET-128"",""qty"":5,""price"":8969}]"	"{""method"":""bank_transfer"",""currency"":""JPY"",""amount"":44845,""status"":""settled""}"	mobile
C912704	2025-03-28T05:10:44Z	"{""email"":""lee1002@example.jp"",""country"":""JP"",""phone"":""+81-90-3035-2562""}"	"[{""sku"":""WIDGET-226"",""qty"":5,""price"":29466}]"	"{""method"":""credit_card"",""currency"":""JPY"",""amount"":147330,""status"":""settled""}"	desktop
C915093	2025-03-28T16:35:14Z	"{""email"":""suzuki8242@example.kr"",""country"":""KR"",""phone"":""+82-10-5237-8688""}"	"[{""sku"":""WIDGET-131"",""qty"":4,""price"":98065}]"	"{""method"":""bank_transfer"",""currency"":""KRW"",""amount"":392260,""status"":""settled""}"	tablet
C911960	2025-03-28T03:45:03Z	"{""email"":""park7539@example.kr"",""country"":""KR"",""phone"":""+82-10-2970-7793""}"	"[{""sku"":""WIDGET-213"",""qty"":2,""price"":78263}]"	"{""method"":""credit_card"",""currency"":""KRW"",""amount"":156526,""status"":""settled""}"	desktop
C908255	2025-03-28T05:25:16Z	"{""email"":""suzuki1336@example.jp"",""country"":""JP"",""phone"":""+81-90-9736-7238""}"	"[{""sku"":""WIDGET-312"",""qty"":4,""price"":2661}]"	"{""method"":""credit_card"",""currency"":""JPY"",""amount"":10644,""status"":""completed""}"	desktop
C917518	2025-03-28T00:05:36Z	"{""email"":""lee1313@example.jp"",""country"":""JP"",""phone"":""+81-90-9700-4006""}"	"[{""sku"":""WIDGET-139"",""qty"":2,""price"":21197}]"	"{""method"":""bank_transfer"",""currency"":""JPY"",""amount"":42394,""status"":""pending""}"	tablet
C917242	2025-03-28T23:40:11Z	"{""email"":""suzuki2047@example.jp"",""country"":""JP"",""phone"":""+81-90-4887-2147""}"	"[{""sku"":""WIDGET-202"",""qty"":2,""price"":1721}]"	"{""method"":""bank_transfer"",""currency"":""JPY"",""amount"":3442,""status"":""settled""}"	mobile
C908636	2025-03-28T09:40:13Z	"{""email"":""yamada6248@example.kr"",""country"":""KR"",""phone"":""+82-10-8591-3791""}"	"[{""sku"":""WIDGET-248"",""qty"":1,""price"":225537}]"	"{""method"":""credit_card"",""currency"":""KRW"",""amount"":225537,""status"":""completed""}"	desktop
C912905	2025-03-28T14:05:12Z	"{""email"":""lee5408@example.jp"",""country"":""JP"",""phone"":""+81-90-9620-9970""}"	"[{""sku"":""WIDGET-187"",""qty"":1,""price"":9323}]"	"{""method"":""bank_transfer"",""currency"":""JPY"",""amount"":9323,""status"":""settled""}"	tablet
C914531	2025-03-28T07:50:00Z	"{""email"":""lee8080@example.kr"",""country"":""KR"",""phone"":""+82-10-1036-4942""}"	"[{""sku"":""WIDGET-377"",""qty"":4,""price"":240345}]"	"{""method"":""mobile_wallet"",""currency"":""KRW"",""amount"":961380,""status"":""pending""}"	mobile
C917387	2025-03-28T14:10:33Z	"{""email"":""lee3915@example.kr"",""country"":""KR"",""phone"":""+82-10-2903-4718""}"	"[{""sku"":""WIDGET-149"",""qty"":3,""price"":258561}]"	"{""method"":""mobile_wallet"",""currency"":""KRW"",""amount"":775683,""status"":""settled""}"	tablet
C914941	2025-03-28T01:40:51Z	"{""email"":""tanaka1280@example.kr"",""country"":""KR"",""phone"":""+82-10-2111-4302""}"	"[{""sku"":""WIDGET-108"",""qty"":4,""price"":199422}]"	"{""method"":""bank_transfer"",""currency"":""KRW"",""amount"":797688,""status"":""settled""}"	mobile
C914653	2025-03-28T05:00:07Z	"{""email"":""suzuki1490@example.kr"",""country"":""KR"",""phone"":""+82-10-7434-9041""}"	"[{""sku"":""WIDGET-146"",""qty"":2,""price"":169774}]"	"{""method"":""credit_card"",""currency"":""KRW"",""amount"":339548,""status"":""settled""}"	mobile
C909673	2025-03-28T23:05:37Z	"{""email"":""yamada7203@example.jp"",""country"":""JP"",""phone"":""+81-90-6586-1067""}"	"[{""sku"":""WIDGET-293"",""qty"":5,""price"":13365}]"	"{""method"":""mobile_wallet"",""currency"":""JPY"",""amount"":66825,""status"":""settled""}"	desktop
C910827	2025-03-28T03:50:01Z	"{""email"":""yamada2271@example.jp"",""country"":""JP"",""phone"":""+81-90-4263-1461""}"	"[{""sku"":""WIDGET-323"",""qty"":2,""price"":28294}]"	"{""method"":""bank_transfer"",""currency"":""JPY"",""amount"":56588,""status"":""settled""}"	tablet
C909882	2025-03-28T04:55:38Z	"{""email"":""tanaka4947@example.jp"",""country"":""JP"",""phone"":""+81-90-5662-2890""}"	"[{""sku"":""WIDGET-268"",""qty"":4,""price"":17394}]"	"{""method"":""credit_card"",""currency"":""JPY"",""amount"":69576,""status"":""settled""}"	desktop
C912973	2025-03-28T07:40:29Z	"{""email"":""park3515@example.kr"",""country"":""KR"",""phone"":""+82-10-7088-2979""}"	"[{""sku"":""WIDGET-390"",""qty"":5,""price"":210471}]"	"{""method"":""bank_transfer"",""currency"":""KRW"",""amount"":1052355,""status"":""settled""}"	mobile
C909034	2025-03-28T15:30:48Z	"{""email"":""park6670@example.jp"",""country"":""JP"",""phone"":""+81-90-4505-1808""}"	"[{""sku"":""WIDGET-353"",""qty"":3,""price"":19737}]"	"{""method"":""bank_transfer"",""currency"":""JPY"",""amount"":59211,""status"":""settled""}"	mobile
C912163	2025-03-28T05:05:07Z	"{""email"":""kim6920@example.kr"",""country"":""KR"",""phone"":""+82-10-5343-1909""}"	"[{""sku"":""WIDGET-117"",""qty"":4,""price"":256428}]"	"{""method"":""bank_transfer"",""currency"":""KRW"",""amount"":1025712,""status"":""completed""}"	mobile
C912115	2025-03-28T14:45:33Z	"{""email"":""tanaka8229@example.kr"",""country"":""KR"",""phone"":""+82-10-8352-3776""}"	"[{""sku"":""WIDGET-213"",""qty"":1,""price"":169747}]"	"{""method"":""credit_card"",""currency"":""KRW"",""amount"":169747,""status"":""settled""}"	tablet
C914561	2025-03-28T19:00:08Z	"{""email"":""tanaka3365@example.kr"",""country"":""KR"",""phone"":""+82-10-8466-6713""}"	"[{""sku"":""WIDGET-120"",""qty"":3,""price"":175344}]"	"{""method"":""bank_transfer"",""currency"":""KRW"",""amount"":526032,""status"":""completed""}"	tablet
C910563	2025-03-28T00:20:06Z	"{""email"":""yamada334@example.jp"",""country"":""JP"",""phone"":""+81-90-2375-6675""}"	"[{""sku"":""WIDGET-398"",""qty"":5,""price"":14690}]"	"{""method"":""bank_transfer"",""currency"":""JPY"",""amount"":73450,""status"":""completed""}"	desktop
C915670	2025-03-28T19:20:32Z	"{""email"":""park3647@example.jp"",""country"":""JP"",""phone"":""+81-90-4647-3283""}"	"[{""sku"":""WIDGET-271"",""qty"":2,""price"":12060}]"	"{""method"":""mobile_wallet"",""currency"":""JPY"",""amount"":24120,""status"":""completed""}"	tablet
C913373	2025-03-28T05:15:24Z	"{""email"":""tanaka358@example.jp"",""country"":""JP"",""phone"":""+81-90-1051-8940""}"	"[{""sku"":""WIDGET-241"",""qty"":4,""price"":27807}]"	"{""method"":""mobile_wallet"",""currency"":""JPY"",""amount"":111228,""status"":""completed""}"	desktop
C908497	2025-03-28T14:05:54Z	"{""email"":""lee8375@example.jp"",""country"":""JP"",""phone"":""+81-90-8516-9079""}"	"[{""sku"":""WIDGET-204"",""qty"":2,""price"":14814}]"	"{""method"":""mobile_wallet"",""currency"":""JPY"",""amount"":29628,""status"":""settled""}"	desktop
C913459	2025-03-28T09:55:28Z	"{""email"":""tanaka9663@example.jp"",""country"":""JP"",""phone"":""+81-90-2693-2366""}"	"[{""sku"":""WIDGET-200"",""qty"":3,""price"":6689}]"	"{""method"":""bank_transfer"",""currency"":""JPY"",""amount"":20067,""status"":""completed""}"	desktop
C917427	2025-03-28T00:05:43Z	"{""email"":""lee591@example.jp"",""country"":""JP"",""phone"":""+81-90-4281-4044""}"	"[{""sku"":""WIDGET-225"",""qty"":2,""price"":12080}]"	"{""method"":""credit_card"",""currency"":""JPY"",""amount"":24160,""status"":""settled""}"	mobile
C908610	2025-03-28T10:10:22Z	"{""email"":""lee4784@example.jp"",""country"":""JP"",""phone"":""+81-90-7747-8094""}"	"[{""sku"":""WIDGET-110"",""qty"":1,""price"":18029}]"	"{""method"":""bank_transfer"",""currency"":""JPY"",""amount"":18029,""status"":""settled""}"	tablet
C918291	2025-03-28T09:20:39Z	"{""email"":""park9446@example.jp"",""country"":""JP"",""phone"":""+81-90-4018-8952""}"	"[{""sku"":""WIDGET-203"",""qty"":3,""price"":7284}]"	"{""method"":""credit_card"",""currency"":""JPY"",""amount"":21852,""status"":""settled""}"	tablet
C916621	2025-03-28T14:15:32Z	"{""email"":""tanaka2872@example.kr"",""country"":""KR"",""phone"":""+82-10-5999-2385""}"	"[{""sku"":""WIDGET-385"",""qty"":1,""price"":41773}]"	"{""method"":""mobile_wallet"",""currency"":""KRW"",""amount"":41773,""status"":""settled""}"	mobile
C913688	2025-03-28T12:50:29Z	"{""email"":""kim8039@example.kr"",""country"":""KR"",""phone"":""+82-10-7134-4022""}"	"[{""sku"":""WIDGET-121"",""qty"":1,""price"":108396}]"	"{""method"":""credit_card"",""currency"":""KRW"",""amount"":108396,""status"":""settled""}"	desktop
C915011	2025-03-28T16:00:01Z	"{""email"":""kim9496@example.jp"",""country"":""JP"",""phone"":""+81-90-2956-3887""}"	"[{""sku"":""WIDGET-296"",""qty"":2,""price"":15656}]"	"{""method"":""mobile_wallet"",""currency"":""JPY"",""amount"":31312,""status"":""settled""}"	tablet
C915589	2025-03-28T03:05:06Z	"{""email"":""park3142@example.jp"",""country"":""JP"",""phone"":""+81-90-5689-2033""}"	"[{""sku"":""WIDGET-228"",""qty"":4,""price"":17845}]"	"{""method"":""credit_card"",""currency"":""JPY"",""amount"":71380,""status"":""completed""}"	tablet
C916305	2025-03-28T05:50:22Z	"{""email"":""kim2549@example.kr"",""country"":""KR"",""phone"":""+82-10-9050-6974""}"	"[{""sku"":""WIDGET-281"",""qty"":3,""price"":152471}]"	"{""method"":""bank_transfer"",""currency"":""KRW"",""amount"":457413,""status"":""completed""}"	mobile
C916393	2025-03-28T01:20:00Z	"{""email"":""tanaka8756@example.kr"",""country"":""KR"",""phone"":""+82-10-3660-2263""}"	"[{""sku"":""WIDGET-249"",""qty"":4,""price"":195091}]"	"{""method"":""credit_card"",""currency"":""KRW"",""amount"":780364,""status"":""settled""}"	tablet
C909087	2025-03-28T21:15:24Z	"{""email"":""kim6106@example.jp"",""country"":""JP"",""phone"":""+81-90-9141-8546""}"	"[{""sku"":""WIDGET-312"",""qty"":4,""price"":21900}]"	"{""method"":""credit_card"",""currency"":""JPY"",""amount"":87600,""status"":""settled""}"	desktop
C913317	2025-03-28T21:25:56Z	"{""email"":""kim3811@example.kr"",""country"":""KR"",""phone"":""+82-10-1818-9120""}"	"[{""sku"":""WIDGET-190"",""qty"":3,""price"":69468}]"	"{""method"":""bank_transfer"",""currency"":""KRW"",""amount"":208404,""status"":""settled""}"	mobile
C914884	2025-03-28T12:30:17Z	"{""email"":""lee4065@example.jp"",""country"":""JP"",""phone"":""+81-90-2644-9790""}"	"[{""sku"":""WIDGET-278"",""qty"":1,""price"":15116}]"	"{""method"":""credit_card"",""currency"":""JPY"",""amount"":15116,""status"":""settled""}"	tablet
C915583	2025-03-28T00:10:04Z	"{""email"":""kim6610@example.kr"",""country"":""KR"",""phone"":""+82-10-4983-3234""}"	"[{""sku"":""WIDGET-375"",""qty"":1,""price"":59691}]"	"{""method"":""mobile_wallet"",""currency"":""KRW"",""amount"":59691,""status"":""pending""}"	desktop
C916981	2025-03-28T09:55:54Z	"{""email"":""kim5499@example.kr"",""country"":""KR"",""phone"":""+82-10-3681-9646""}"	"[{""sku"":""WIDGET-325"",""qty"":3,""price"":93464}]"	"{""method"":""mobile_wallet"",""currency"":""KRW"",""amount"":280392,""status"":""completed""}"	desktop
C909696	2025-03-28T09:20:25Z	"{""email"":""yamada4310@example.jp"",""country"":""JP"",""phone"":""+81-90-5970-3771""}"	"[{""sku"":""WIDGET-173"",""qty"":1,""price"":14928}]"	"{""method"":""credit_card"",""currency"":""JPY"",""amount"":14928,""status"":""settled""}"	mobile
C914094	2025-03-28T00:20:50Z	"{""email"":""park9211@example.kr"",""country"":""KR"",""phone"":""+82-10-5768-3704""}"	"[{""sku"":""WIDGET-325"",""qty"":3,""price"":163832}]"	"{""method"":""bank_transfer"",""currency"":""KRW"",""amount"":491496,""status"":""settled""}"	mobile
C915750	2025-03-28T14:15:16Z	"{""email"":""kim4367@example.kr"",""country"":""KR"",""phone"":""+82-10-4084-2388""}"	"[{""sku"":""WIDGET-197"",""qty"":4,""price"":210958}]"	"{""method"":""credit_card"",""currency"":""KRW"",""amount"":843832,""status"":""settled""}"	tablet
C914092	2025-03-28T02:30:07Z	"{""email"":""tanaka9173@example.jp"",""country"":""JP"",""phone"":""+81-90-5042-4968""}"	"[{""sku"":""WIDGET-393"",""qty"":4,""price"":13310}]"	"{""method"":""mobile_wallet"",""currency"":""JPY"",""amount"":53240,""status"":""settled""}"	tablet
C917902	2025-03-28T21:05:00Z	"{""email"":""lee3027@example.kr"",""country"":""KR"",""phone"":""+82-10-2208-2824""}"	"[{""sku"":""WIDGET-273"",""qty"":5,""price"":148413}]"	"{""method"":""bank_transfer"",""currency"":""KRW"",""amount"":742065,""status"":""settled""}"	desktop
C912123	2025-03-28T23:40:35Z	"{""email"":""tanaka8732@example.kr"",""country"":""KR""}"	"[{""sku"":""WIDGET-129"",""qty"":4,""price"":113824}]"	"{""method"":""mobile_wallet"",""currency"":""KRW"",""amount"":455296,""status"":""settled""}"	tablet
C917363	2025-03-28T03:45:37Z	"{""email"":""kim976@example.jp"",""country"":""JP"",""phone"":""+81-90-9911-2461""}"	"[{""sku"":""WIDGET-251"",""qty"":5,""price"":20634}]"	"{""method"":""bank_transfer"",""currency"":""JPY"",""amount"":103170,""status"":""settled""}"	desktop
C916318	2025-03-28T22:05:40Z	"{""email"":""tanaka6981@example.jp"",""country"":""JP"",""phone"":""+81-90-8516-2316""}"	"[{""sku"":""WIDGET-193"",""qty"":3,""price"":11941}]"	"{""method"":""bank_transfer"",""currency"":""JPY"",""amount"":35823,""status"":""settled""}"	tablet
C918701	2025-03-28T07:55:24Z	"{""email"":""tanaka1361@example.kr"",""country"":""KR"",""phone"":""+82-10-3025-1434""}"	"[{""sku"":""WIDGET-235"",""qty"":4,""price"":47510}]"	"{""method"":""mobile_wallet"",""currency"":""KRW"",""amount"":190040,""status"":""settled""}"	mobile
C912588	2025-03-28T00:35:21Z	"{""email"":""tanaka1249@example.jp"",""country"":""JP"",""phone"":""+81-90-4385-1990""}"	"[{""sku"":""WIDGET-177"",""qty"":5,""price"":7650}]"	"{""method"":""bank_transfer"",""currency"":""JPY"",""amount"":38250,""status"":""settled""}"	mobile
C918592	2025-03-28T17:50:23Z	"{""email"":""tanaka5300@example.jp"",""country"":""JP"",""phone"":""+81-90-6495-5005""}"	"[{""sku"":""WIDGET-307"",""qty"":5,""price"":14664}]"	"{""method"":""credit_card"",""currency"":""JPY"",""amount"":73320,""status"":""completed""}"	tablet
C911457	2025-03-28T00:05:22Z	"{""email"":""kim2634@example.jp"",""country"":""JP"",""phone"":""+81-90-7958-4774""}"	"[{""sku"":""WIDGET-233"",""qty"":5,""price"":11811}]"	"{""method"":""bank_transfer"",""currency"":""JPY"",""amount"":59055,""status"":""settled""}"	mobile
C909373	2025-03-28T09:15:50Z	"{""email"":""park3695@example.jp"",""country"":""JP"",""phone"":""+81-90-1106-5835""}"	"[{""sku"":""WIDGET-279"",""qty"":2,""price"":13745}]"	"{""method"":""mobile_wallet"",""currency"":""JPY"",""amount"":27490,""status"":""settled""}"	mobile
C912561	2025-03-28T22:05:27Z	"{""email"":""kim1776@example.kr"",""country"":""KR"",""phone"":""+82-10-5803-7705""}"	"[{""sku"":""WIDGET-138"",""qty"":4,""price"":58845}]"	"{""method"":""credit_card"",""currency"":""KRW"",""amount"":235380,""status"":""settled""}"	tablet
C908710	2025-03-28T07:50:05Z	"{""email"":""kim363@example.jp"",""country"":""JP"",""phone"":""+81-90-8651-9997""}"	"[{""sku"":""WIDGET-342"",""qty"":4,""price"":3364}]"	"{""method"":""bank_transfer"",""currency"":""JPY"",""amount"":13456,""status"":""settled""}"	desktop
C908907	2025-03-28T14:00:44Z	"{""email"":""tanaka4009@example.jp"",""country"":""JP"",""phone"":""+81-90-5602-3422""}"	"[{""sku"":""WIDGET-299"",""qty"":2,""price"":21670}]"	"{""method"":""credit_card"",""currency"":""JPY"",""amount"":43340,""status"":""settled""}"	mobile
C918713	2025-03-28T03:35:55Z	"{""email"":""lee3663@example.kr"",""country"":""KR"",""phone"":""+82-10-6257-6099""}"	"[{""sku"":""WIDGET-245"",""qty"":4,""price"":64550}]"	"{""method"":""mobile_wallet"",""currency"":""KRW"",""amount"":258200,""status"":""completed""}"	mobile
C914865	2025-03-28T08:15:55Z	"{""email"":""tanaka8273@example.jp"",""country"":""JP"",""phone"":""+81-90-1424-9080""}"	"[{""sku"":""WIDGET-196"",""qty"":1,""price"":12227}]"	"{""method"":""credit_card"",""currency"":""JPY"",""amount"":12227,""status"":""completed""}"	mobile
C916749	2025-03-28T16:40:40Z	"{""email"":""lee298@example.kr"",""country"":""KR"",""phone"":""+82-10-3712-5765""}"	"[{""sku"":""WIDGET-376"",""qty"":1,""price"":70298}]"	"{""method"":""mobile_wallet"",""currency"":""KRW"",""amount"":70298,""status"":""completed""}"	desktop
C914760	2025-03-28T03:20:15Z	"{""email"":""tanaka3153@example.jp"",""country"":""JP"",""phone"":""+81-90-9284-1903""}"	"[{""sku"":""WIDGET-261"",""qty"":5,""price"":10208}]"	"{""method"":""credit_card"",""currency"":""JPY"",""amount"":51040,""status"":""settled""}"	desktop
C916876	2025-03-28T05:55:19Z	"{""email"":""suzuki8335@example.jp"",""country"":""JP"",""phone"":""+81-90-6069-1961""}"	"[{""sku"":""WIDGET-269"",""qty"":4,""price"":28169}]"	"{""method"":""credit_card"",""currency"":""JPY"",""amount"":112676,""status"":""settled""}"	desktop
C916456	2025-03-28T15:05:40Z	"{""email"":""yamada2666@example.kr"",""country"":""KR"",""phone"":""+82-10-7940-5798""}"	"[{""sku"":""WIDGET-168"",""qty"":5,""price"":110520}]"	"{""method"":""bank_transfer"",""currency"":""KRW"",""amount"":552600,""status"":""completed""}"	mobile
C908656	2025-03-28T19:45:40Z	"{""email"":""yamada6759@example.jp"",""country"":""JP"",""phone"":""+81-90-8575-6506""}"	"[{""sku"":""WIDGET-108"",""qty"":5,""price"":789}]"	"{""method"":""bank_transfer"",""currency"":""JPY"",""amount"":3945,""status"":""settled""}"	tablet
C908839	2025-03-28T08:35:47Z	"{""email"":""yamada6241@example.kr"",""country"":""KR"",""phone"":""+82-10-2331-5315""}"	"[{""sku"":""WIDGET-315"",""qty"":4,""price"":168255}]"	"{""method"":""mobile_wallet"",""currency"":""KRW"",""amount"":673020,""status"":""pending""}"	mobile
C918479	2025-03-28T22:25:17Z	"{""email"":""suzuki6026@example.kr"",""country"":""KR"",""phone"":""+82-10-9950-9525""}"	"[{""sku"":""WIDGET-364"",""qty"":1,""price"":75584}]"	"{""method"":""bank_transfer"",""currency"":""KRW"",""amount"":75584,""status"":""settled""}"	tablet
C910046	2025-03-28T01:40:31Z	"{""email"":""park4863@example.jp"",""country"":""JP""}"	"[{""sku"":""WIDGET-161"",""qty"":2,""price"":9082}]"	"{""method"":""bank_transfer"",""currency"":""JPY"",""amount"":18164,""status"":""completed""}"	desktop
C916204	2025-03-28T23:40:21Z	"{""email"":""tanaka6420@example.kr"",""country"":""KR"",""phone"":""+82-10-9496-1335""}"	"[{""sku"":""WIDGET-239"",""qty"":1,""price"":11339}]"	"{""method"":""credit_card"",""currency"":""KRW"",""amount"":11339,""status"":""settled""}"	mobile
C914645	2025-03-28T04:45:54Z	"{""email"":""suzuki2670@example.jp"",""country"":""JP"",""phone"":""+81-90-1499-4179""}"	"[{""sku"":""WIDGET-297"",""qty"":4,""price"":9526}]"	"{""method"":""mobile_wallet"",""currency"":""JPY"",""amount"":38104,""status"":""settled""}"	tablet
C911719	2025-03-28T23:10:10Z	"{""email"":""park4709@example.kr"",""country"":""KR"",""phone"":""+82-10-7206-7157""}"	"[{""sku"":""WIDGET-385"",""qty"":2,""price"":103336}]"	"{""method"":""mobile_wallet"",""currency"":""KRW"",""amount"":206672,""status"":""completed""}"	desktop
C913045	2025-03-28T02:45:54Z	"{""email"":""suzuki5099@example.kr"",""country"":""KR"",""phone"":""+82-10-2867-9203""}"	"[{""sku"":""WIDGET-122"",""qty"":5,""price"":63400}]"	"{""method"":""credit_card"",""currency"":""KRW"",""amount"":317000,""status"":""settled""}"	tablet
C915544	2025-03-28T20:15:46Z	"{""email"":""yamada3540@example.kr"",""country"":""KR"",""phone"":""+82-10-5502-6493""}"	"[{""sku"":""WIDGET-301"",""qty"":4,""price"":97389}]"	"{""method"":""credit_card"",""currency"":""KRW"",""amount"":389556,""status"":""settled""}"	desktop
C916828	2025-03-28T05:00:20Z	"{""email"":""kim2863@example.kr"",""country"":""KR"",""phone"":""+82-10-4828-4773""}"	"[{""sku"":""WIDGET-337"",""qty"":3,""price"":176916}]"	"{""method"":""bank_transfer"",""currency"":""KRW"",""amount"":530748,""status"":""settled""}"	desktop
C914081	2025-03-28T01:55:17Z	"{""email"":""kim990@example.jp"",""country"":""JP"",""phone"":""+81-90-6426-9894""}"	"[{""sku"":""WIDGET-317"",""qty"":1,""price"":10949}]"	"{""method"":""bank_transfer"",""currency"":""JPY"",""amount"":10949,""status"":""settled""}"	mobile
C916811	2025-03-28T05:15:09Z	"{""email"":""suzuki7401@example.jp"",""country"":""JP"",""phone"":""+81-90-7556-6405""}"	"[{""sku"":""WIDGET-346"",""qty"":4,""price"":6908}]"	"{""method"":""credit_card"",""currency"":""JPY"",""amount"":27632,""status"":""settled""}"	tablet
C914273	2025-03-28T19:50:03Z	"{""email"":""suzuki5656@example.kr"",""country"":""KR"",""phone"":""+82-10-1386-8373""}"	"[{""sku"":""WIDGET-156"",""qty"":1,""price"":194316}]"	"{""method"":""mobile_wallet"",""currency"":""KRW"",""amount"":194316,""status"":""settled""}"	desktop
C908723	2025-03-28T16:20:03Z	"{""email"":""yamada4143@example.kr"",""country"":""KR"",""phone"":""+82-10-6019-9350""}"	"[{""sku"":""WIDGET-306"",""qty"":1,""price"":127354}]"	"{""method"":""mobile_wallet"",""currency"":""KRW"",""amount"":127354,""status"":""completed""}"	desktop
C912481	2025-03-28T13:10:00Z	"{""email"":""park2879@example.jp"",""country"":""JP"",""phone"":""+81-90-3391-5735""}"	"[{""sku"":""WIDGET-226"",""qty"":2,""price"":14326}]"	"{""method"":""credit_card"",""currency"":""JPY"",""amount"":28652,""status"":""completed""}"	desktop
C908569	2025-03-28T09:45:44Z	"{""email"":""yamada2260@example.jp"",""country"":""JP"",""phone"":""+81-90-5691-5942""}"	"[{""sku"":""WIDGET-381"",""qty"":3,""price"":10165}]"	"{""method"":""mobile_wallet"",""currency"":""JPY"",""amount"":30495,""status"":""settled""}"	desktop
C911103	2025-03-28T21:35:48Z	"{""email"":""kim9730@example.kr"",""country"":""KR"",""phone"":""+82-10-5692-6722""}"	"[{""sku"":""WIDGET-137"",""qty"":2,""price"":232166}]"	"{""method"":""bank_transfer"",""currency"":""KRW"",""amount"":464332,""status"":""settled""}"	mobile
C909324	2025-03-28T18:15:30Z	"{""email"":""kim25@example.kr"",""country"":""KR"",""phone"":""+82-10-2758-8160""}"	"[{""sku"":""WIDGET-240"",""qty"":5,""price"":262082}]"	"{""method"":""mobile_wallet"",""currency"":""KRW"",""amount"":1310410,""status"":""completed""}"	tablet
C916150	2025-03-28T07:45:50Z	"{""email"":""tanaka1748@example.kr"",""country"":""KR"",""phone"":""+82-10-7253-6789""}"	"[{""sku"":""WIDGET-289"",""qty"":2,""price"":252506}]"	"{""method"":""mobile_wallet"",""currency"":""KRW"",""amount"":505012,""status"":""settled""}"	tablet
C915042	2025-03-28T20:45:23Z	"{""email"":""kim3401@example.kr"",""country"":""KR"",""phone"":""+82-10-2741-3378""}"	"[{""sku"":""WIDGET-251"",""qty"":4,""price"":16759}]"	"{""method"":""credit_card"",""currency"":""KRW"",""amount"":67036,""status"":""settled""}"	tablet
C912680	2025-03-28T12:35:58Z	"{""email"":""suzuki141@example.kr"",""country"":""KR"",""phone"":""+82-10-9516-4814""}"	"[{""sku"":""WIDGET-334"",""qty"":3,""price"":79097}]"	"{""method"":""credit_card"",""currency"":""KRW"",""amount"":237291,""status"":""settled""}"	desktop
C918456	2025-03-28T11:35:47Z	"{""email"":""kim195@example.kr"",""country"":""KR"",""phone"":""+82-10-6949-8883""}"	"[{""sku"":""WIDGET-282"",""qty"":3,""price"":107767}]"	"{""method"":""bank_transfer"",""currency"":""KRW"",""amount"":323301,""status"":""completed""}"	mobile
C916105	2025-03-28T18:35:46Z	"{""email"":""tanaka3721@example.kr"",""country"":""KR"",""phone"":""+82-10-2304-7600""}"	"[{""sku"":""WIDGET-200"",""qty"":1,""price"":11804}]"	"{""method"":""credit_card"",""currency"":""KRW"",""amount"":11804,""status"":""settled""}"	mobile
C917327	2025-03-28T06:50:25Z	"{""email"":""suzuki450@example.jp"",""country"":""JP"",""phone"":""+81-90-9206-1834""}"	"[{""sku"":""WIDGET-317"",""qty"":5,""price"":22398}]"	"{""method"":""mobile_wallet"",""currency"":""JPY"",""amount"":111990,""status"":""settled""}"	mobile
C908993	2025-03-28T04:30:27Z	"{""email"":""yamada8303@example.kr"",""country"":""KR"",""phone"":""+82-10-3035-3918""}"	"[{""sku"":""WIDGET-340"",""qty"":3,""price"":40938}]"	"{""method"":""mobile_wallet"",""currency"":""KRW"",""amount"":122814,""status"":""completed""}"	desktop
C915464	2025-03-28T08:00:33Z	"{""email"":""kim7602@example.jp"",""country"":""JP"",""phone"":""+81-90-5626-3247""}"	"[{""sku"":""WIDGET-344"",""qty"":5,""price"":20687}]"	"{""method"":""bank_transfer"",""currency"":""JPY"",""amount"":103435,""status"":""settled""}"	desktop
C916139	2025-03-28T14:15:18Z	"{""email"":""yamada4808@example.jp"",""country"":""JP"",""phone"":""+81-90-8321-2394""}"	"[{""sku"":""WIDGET-240"",""qty"":2,""price"":16863}]"	"{""method"":""bank_transfer"",""currency"":""JPY"",""amount"":33726,""status"":""settled""}"	desktop
C918170	2025-03-28T14:15:26Z	"{""email"":""yamada2688@example.kr"",""country"":""KR"",""phone"":""+82-10-8506-8449""}"	"[{""sku"":""WIDGET-109"",""qty"":2,""price"":220631}]"	"{""method"":""bank_transfer"",""currency"":""KRW"",""amount"":441262,""status"":""completed""}"	mobile
C917035	2025-03-28T14:50:32Z	"{""email"":""suzuki2810@example.jp"",""country"":""JP"",""phone"":""+81-90-1424-8888""}"	"[{""sku"":""WIDGET-166"",""qty"":1,""price"":8574}]"	"{""method"":""mobile_wallet"",""currency"":""JPY"",""amount"":8574,""status"":""completed""}"	desktop
C917976	2025-03-28T17:25:54Z	"{""email"":""suzuki2773@example.kr"",""country"":""KR"",""phone"":""+82-10-5567-1824""}"	"[{""sku"":""WIDGET-118"",""qty"":1,""price"":188646}]"	"{""method"":""credit_card"",""currency"":""KRW"",""amount"":188646,""status"":""completed""}"	tablet
C913765	2025-03-28T12:05:40Z	"{""email"":""tanaka5406@example.jp"",""country"":""JP"",""phone"":""+81-90-3220-1854""}"	"[{""sku"":""WIDGET-151"",""qty"":1,""price"":22743}]"	"{""method"":""bank_transfer"",""currency"":""JPY"",""amount"":22743,""status"":""settled""}"	mobile
C910202	2025-03-28T13:50:50Z	"{""email"":""lee8693@example.jp"",""country"":""JP"",""phone"":""+81-90-2642-7335""}"	"[{""sku"":""WIDGET-125"",""qty"":2,""price"":5811}]"	"{""method"":""mobile_wallet"",""currency"":""JPY"",""amount"":11622,""status"":""settled""}"	desktop
C917109	2025-03-28T02:00:19Z	"{""email"":""tanaka7105@example.kr"",""country"":""KR"",""phone"":""+82-10-7447-3818""}"	"[{""sku"":""WIDGET-119"",""qty"":4,""price"":176067}]"	"{""method"":""bank_transfer"",""currency"":""KRW"",""amount"":704268,""status"":""pending""}"	mobile
C918092	2025-03-28T03:55:35Z	"{""email"":""kim9072@example.jp"",""country"":""JP"",""phone"":""+81-90-8588-6317""}"	"[{""sku"":""WIDGET-167"",""qty"":4,""price"":10494}]"	"{""method"":""credit_card"",""currency"":""JPY"",""amount"":41976,""status"":""settled""}"	mobile
C911237	2025-03-28T08:30:54Z	"{""email"":""suzuki2414@example.kr"",""country"":""KR"",""phone"":""+82-10-3897-9309""}"	"[{""sku"":""WIDGET-367"",""qty"":1,""price"":221005}]"	"{""method"":""credit_card"",""currency"":""KRW"",""amount"":221005,""status"":""settled""}"	desktop
C913405	2025-03-28T21:40:43Z	"{""email"":""lee9278@example.kr"",""country"":""KR"",""phone"":""+82-10-7161-5822""}"	"[{""sku"":""WIDGET-195"",""qty"":4,""price"":209123}]"	"{""method"":""credit_card"",""currency"":""KRW"",""amount"":836492,""status"":""settled""}"	tablet
C909493	2025-03-28T03:25:56Z	"{""email"":""yamada4292@example.kr"",""country"":""KR"",""phone"":""+82-10-1232-6251""}"	"[{""sku"":""WIDGET-186"",""qty"":5,""price"":134508}]"	"{""method"":""credit_card"",""currency"":""KRW"",""amount"":672540,""status"":""settled""}"	tablet
C913902	2025-03-28T19:40:04Z	"{""email"":""kim6487@example.kr"",""country"":""KR"",""phone"":""+82-10-1272-8229""}"	"[{""sku"":""WIDGET-216"",""qty"":2,""price"":116437}]"	"{""method"":""mobile_wallet"",""currency"":""KRW"",""amount"":232874,""status"":""settled""}"	desktop
C916092	2025-03-28T05:05:07Z	"{""email"":""kim9559@example.jp"",""country"":""JP"",""phone"":""+81-90-9359-4131""}"	"[{""sku"":""WIDGET-172"",""qty"":3,""price"":21987}]"	"{""method"":""mobile_wallet"",""currency"":""JPY"",""amount"":65961,""status"":""settled""}"	mobile
C910548	2025-03-28T07:35:56Z	"{""email"":""park6384@example.kr"",""country"":""KR"",""phone"":""+82-10-9293-8667""}"	"[{""sku"":""WIDGET-197"",""qty"":3,""price"":160445}]"	"{""method"":""credit_card"",""currency"":""KRW"",""amount"":481335,""status"":""settled""}"	tablet
C914078	2025-03-28T18:05:11Z	"{""email"":""suzuki5153@example.jp"",""country"":""JP"",""phone"":""+81-90-3024-1012""}"	"[{""sku"":""WIDGET-355"",""qty"":4,""price"":3440}]"	"{""method"":""mobile_wallet"",""currency"":""JPY"",""amount"":13760,""status"":""settled""}"	tablet
C918001	2025-03-28T08:15:12Z	"{""email"":""lee4705@example.kr"",""country"":""KR"",""phone"":""+82-10-4010-6583""}"	"[{""sku"":""WIDGET-151"",""qty"":4,""price"":135890}]"	"{""method"":""bank_transfer"",""currency"":""KRW"",""amount"":543560,""status"":""settled""}"	desktop
C915245	2025-03-28T23:50:05Z	"{""email"":""tanaka3858@example.jp"",""country"":""JP"",""phone"":""+81-90-3530-3346""}"	"[{""sku"":""WIDGET-119"",""qty"":4,""price"":12212}]"	"{""method"":""bank_transfer"",""currency"":""JPY"",""amount"":48848,""status"":""completed""}"	tablet
C916354	2025-03-28T23:30:01Z	"{""email"":""yamada6350@example.kr"",""country"":""KR"",""phone"":""+82-10-7293-3044""}"	"[{""sku"":""WIDGET-391"",""qty"":3,""price"":33986}]"	"{""method"":""credit_card"",""currency"":""KRW"",""amount"":101958,""status"":""settled""}"	mobile
C909860	2025-03-28T22:00:49Z	"{""email"":""tanaka156@example.jp"",""country"":""JP"",""phone"":""+81-90-8137-6070""}"	"[{""sku"":""WIDGET-211"",""qty"":4,""price"":8080}]"	"{""method"":""credit_card"",""currency"":""JPY"",""amount"":32320,""status"":""settled""}"	tablet
C918505	2025-03-28T16:15:08Z	"{""email"":""lee7978@example.kr"",""country"":""KR"",""phone"":""+82-10-8620-8028""}"	"[{""sku"":""WIDGET-225"",""qty"":2,""price"":78862}]"	"{""method"":""mobile_wallet"",""currency"":""KRW"",""amount"":157724,""status"":""settled""}"	mobile
C912639	2025-03-28T19:50:42Z	"{""email"":""kim2764@example.jp"",""country"":""JP"",""phone"":""+81-90-7744-4775""}"	"[{""sku"":""WIDGET-132"",""qty"":3,""price"":9186}]"	"{""method"":""credit_card"",""currency"":""JPY"",""amount"":27558,""status"":""settled""}"	desktop
C911462	2025-03-28T14:55:39Z	"{""email"":""tanaka2408@example.kr"",""country"":""KR"",""phone"":""+82-10-7137-6400""}"	"[{""sku"":""WIDGET-116"",""qty"":3,""price"":8847}]"	"{""method"":""bank_transfer"",""currency"":""KRW"",""amount"":26541,""status"":""settled""}"	mobile
C910502	2025-03-28T23:00:30Z	"{""email"":""lee3784@example.jp"",""country"":""JP"",""phone"":""+81-90-7122-3262""}"	"[{""sku"":""WIDGET-281"",""qty"":3,""price"":13218}]"	"{""method"":""credit_card"",""currency"":""JPY"",""amount"":39654,""status"":""settled""}"	desktop
C912021	2025-03-28T21:00:38Z	"{""email"":""kim8078@example.kr"",""country"":""KR"",""phone"":""+82-10-7215-6124""}"	"[{""sku"":""WIDGET-109"",""qty"":3,""price"":262313}]"	"{""method"":""mobile_wallet"",""currency"":""KRW"",""amount"":786939,""status"":""settled""}"	tablet
C914010	2025-03-28T01:35:03Z	"{""email"":""park9566@example.kr"",""country"":""KR"",""phone"":""+82-10-7228-3317""}"	"[{""sku"":""WIDGET-366"",""qty"":5,""price"":157764}]"	"{""method"":""mobile_wallet"",""currency"":""KRW"",""amount"":788820,""status"":""pending""}"	mobile
C912256	2025-03-28T23:10:35Z	"{""email"":""suzuki9746@example.kr"",""country"":""KR"",""phone"":""+82-10-8086-3328""}"	"[{""sku"":""WIDGET-241"",""qty"":4,""price"":163875}]"	"{""method"":""credit_card"",""currency"":""KRW"",""amount"":655500,""status"":""completed""}"	tablet
C917049	2025-03-28T22:10:18Z	"{""email"":""yamada1885@example.kr"",""country"":""KR"",""phone"":""+82-10-1035-6257""}"	"[{""sku"":""WIDGET-294"",""qty"":2,""price"":241909}]"	"{""method"":""credit_card"",""currency"":""KRW"",""amount"":483818,""status"":""pending""}"	desktop
C917727	2025-03-28T13:20:36Z	"{""email"":""tanaka2821@example.jp"",""country"":""JP"",""phone"":""+81-90-4441-7758""}"	"[{""sku"":""WIDGET-278"",""qty"":3,""price"":28796}]"	"{""method"":""credit_card"",""currency"":""JPY"",""amount"":86388,""status"":""completed""}"	tablet
C917908	2025-03-28T04:30:31Z	"{""email"":""kim4855@example.kr"",""country"":""KR"",""phone"":""+82-10-1474-6932""}"	"[{""sku"":""WIDGET-293"",""qty"":4,""price"":62512}]"	"{""method"":""bank_transfer"",""currency"":""KRW"",""amount"":250048,""status"":""settled""}"	mobile
C908846	2025-03-28T22:40:25Z	"{""email"":""tanaka7623@example.kr"",""country"":""KR"",""phone"":""+82-10-6377-3072""}"	"[{""sku"":""WIDGET-330"",""qty"":4,""price"":227522}]"	"{""method"":""mobile_wallet"",""currency"":""KRW"",""amount"":910088,""status"":""completed""}"	tablet
C914545	2025-03-28T04:05:58Z	"{""email"":""lee2947@example.jp"",""country"":""JP"",""phone"":""+81-90-4301-6102""}"	"[{""sku"":""WIDGET-236"",""qty"":4,""price"":3984}]"	"{""method"":""mobile_wallet"",""currency"":""JPY"",""amount"":15936,""status"":""settled""}"	mobile
C912126	2025-03-28T01:30:48Z	"{""email"":""tanaka5335@example.jp"",""country"":""JP"",""phone"":""+81-90-7229-6782""}"	"[{""sku"":""WIDGET-392"",""qty"":2,""price"":25510}]"	"{""method"":""bank_transfer"",""currency"":""JPY"",""amount"":51020,""status"":""completed""}"	mobile
C913933	2025-03-28T20:15:11Z	"{""email"":""tanaka3102@example.jp"",""country"":""JP"",""phone"":""+81-90-4524-2527""}"	"[{""sku"":""WIDGET-390"",""qty"":3,""price"":17561}]"	"{""method"":""credit_card"",""currency"":""JPY"",""amount"":52683,""status"":""settled""}"	tablet
C910224	2025-03-28T09:45:34Z	"{""email"":""park905@example.jp"",""country"":""JP"",""phone"":""+81-90-2624-5704""}"	"[{""sku"":""WIDGET-199"",""qty"":5,""price"":11575}]"	"{""method"":""credit_card"",""currency"":""JPY"",""amount"":57875,""status"":""settled""}"	mobile
C910239	2025-03-28T17:35:49Z	"{""email"":""park7511@example.jp"",""country"":""JP"",""phone"":""+81-90-8985-6960""}"	"[{""sku"":""WIDGET-202"",""qty"":5,""price"":1711}]"	"{""method"":""bank_transfer"",""currency"":""JPY"",""amount"":8555,""status"":""settled""}"	mobile
C915325	2025-03-28T12:40:53Z	"{""email"":""suzuki8918@example.kr"",""country"":""KR"",""phone"":""+82-10-9821-8644""}"	"[{""sku"":""WIDGET-231"",""qty"":2,""price"":140670}]"	"{""method"":""mobile_wallet"",""currency"":""KRW"",""amount"":281340,""status"":""settled""}"	desktop
C911529	2025-03-28T06:10:57Z	"{""email"":""lee6720@example.jp"",""country"":""JP"",""phone"":""+81-90-2792-8491""}"	"[{""sku"":""WIDGET-101"",""qty"":4,""price"":22160}]"	"{""method"":""mobile_wallet"",""currency"":""JPY"",""amount"":88640,""status"":""pending""}"	desktop
C911680	2025-03-28T04:45:31Z	"{""email"":""lee7918@example.jp"",""country"":""JP"",""phone"":""+81-90-2290-9008""}"	"[{""sku"":""WIDGET-169"",""qty"":2,""price"":7914}]"	"{""method"":""bank_transfer"",""currency"":""JPY"",""amount"":15828,""status"":""completed""}"	mobile
C915328	2025-03-28T21:15:37Z	"{""email"":""tanaka1600@example.kr"",""country"":""KR"",""phone"":""+82-10-5169-5270""}"	"[{""sku"":""WIDGET-212"",""qty"":3,""price"":184279}]"	"{""method"":""mobile_wallet"",""currency"":""KRW"",""amount"":552837,""status"":""settled""}"	desktop
C908685	2025-03-28T07:35:01Z	"{""email"":""park9821@example.kr"",""country"":""KR"",""phone"":""+82-10-8618-9344""}"	"[{""sku"":""WIDGET-159"",""qty"":2,""price"":165673}]"	"{""method"":""bank_transfer"",""currency"":""KRW"",""amount"":331346,""status"":""pending""}"	desktop
C916135	2025-03-28T23:40:40Z	"{""email"":""yamada9597@example.kr"",""country"":""KR"",""phone"":""+82-10-2768-1716""}"	"[{""sku"":""WIDGET-320"",""qty"":3,""price"":253558}]"	"{""method"":""bank_transfer"",""currency"":""KRW"",""amount"":760674,""status"":""settled""}"	mobile
C912010	2025-03-28T07:05:35Z	"{""email"":""lee4551@example.jp"",""country"":""JP"",""phone"":""+81-90-4301-9550""}"	"[{""sku"":""WIDGET-123"",""qty"":4,""price"":24385}]"	"{""method"":""credit_card"",""currency"":""JPY"",""amount"":97540,""status"":""completed""}"	tablet
C913641	2025-03-28T04:40:11Z	"{""email"":""kim344@example.jp"",""country"":""JP"",""phone"":""+81-90-3917-1534""}"	"[{""sku"":""WIDGET-295"",""qty"":3,""price"":21940}]"	"{""method"":""bank_transfer"",""currency"":""JPY"",""amount"":65820,""status"":""settled""}"	desktop
C913558	2025-03-28T12:35:32Z	"{""email"":""park9359@example.kr"",""country"":""KR"",""phone"":""+82-10-2229-4057""}"	"[{""sku"":""WIDGET-159"",""qty"":4,""price"":76762}]"	"{""method"":""bank_transfer"",""currency"":""KRW"",""amount"":307048,""status"":""settled""}"	desktop
C912702	2025-03-28T08:30:09Z	"{""email"":""lee8928@example.kr"",""country"":""KR"",""phone"":""+82-10-2790-9286""}"	"[{""sku"":""WIDGET-103"",""qty"":4,""price"":213548}]"	"{""method"":""credit_card"",""currency"":""KRW"",""amount"":854192,""status"":""settled""}"	tablet
C916212	2025-03-28T23:00:14Z	"{""email"":""tanaka8887@example.kr"",""country"":""KR"",""phone"":""+82-10-4343-3052""}"	"[{""sku"":""WIDGET-398"",""qty"":3,""price"":212729}]"	"{""method"":""credit_card"",""currency"":""KRW"",""amount"":638187,""status"":""settled""}"	mobile
C908868	2025-03-28T17:05:18Z	"{""email"":""park8748@example.jp"",""country"":""JP"",""phone"":""+81-90-2720-2086""}"	"[{""sku"":""WIDGET-296"",""qty"":3,""price"":20652}]"	"{""method"":""credit_card"",""currency"":""JPY"",""amount"":61956,""status"":""pending""}"	mobile
C916260	2025-03-28T05:10:56Z	"{""email"":""tanaka2223@example.kr"",""country"":""KR"",""phone"":""+82-10-7220-7782""}"	"[{""sku"":""WIDGET-154"",""qty"":2,""price"":8536}]"	"{""method"":""bank_transfer"",""currency"":""KRW"",""amount"":17072,""status"":""completed""}"	desktop
C916570	2025-03-28T00:30:26Z	"{""email"":""tanaka2267@example.kr"",""country"":""KR"",""phone"":""+82-10-3193-1936""}"	"[{""sku"":""WIDGET-290"",""qty"":4,""price"":200871}]"	"{""method"":""mobile_wallet"",""currency"":""KRW"",""amount"":803484,""status"":""completed""}"	desktop
C917347	2025-03-28T16:55:55Z	"{""email"":""yamada3911@example.jp"",""country"":""JP"",""phone"":""+81-90-8040-2618""}"	"[{""sku"":""WIDGET-279"",""qty"":2,""price"":21132}]"	"{""method"":""mobile_wallet"",""currency"":""JPY"",""amount"":42264,""status"":""settled""}"	tablet
C913401	2025-03-28T19:45:59Z	"{""email"":""yamada4445@example.jp"",""country"":""JP"",""phone"":""+81-90-4725-6422""}"	"[{""sku"":""WIDGET-308"",""qty"":2,""price"":1365}]"	"{""method"":""bank_transfer"",""currency"":""JPY"",""amount"":2730,""status"":""settled""}"	tablet
C910108	2025-03-28T21:40:47Z	"{""email"":""yamada2732@example.jp"",""country"":""JP"",""phone"":""+81-90-9079-7309""}"	"[{""sku"":""WIDGET-264"",""qty"":4,""price"":6731}]"	"{""method"":""credit_card"",""currency"":""JPY"",""amount"":26924,""status"":""settled""}"	tablet
C914429	2025-03-28T20:30:49Z	"{""email"":""lee9365@example.kr"",""country"":""KR"",""phone"":""+82-10-6160-2512""}"	"[{""sku"":""WIDGET-270"",""qty"":1,""price"":163071}]"	"{""method"":""mobile_wallet"",""currency"":""KRW"",""amount"":163071,""status"":""completed""}"	desktop
C909926	2025-03-28T13:40:39Z	"{""email"":""lee190@example.kr"",""country"":""KR"",""phone"":""+82-10-2135-3812""}"	"[{""sku"":""WIDGET-357"",""qty"":4,""price"":150887}]"	"{""method"":""mobile_wallet"",""currency"":""KRW"",""amount"":603548,""status"":""pending""}"	tablet
C908456	2025-03-28T21:05:24Z	"{""email"":""park8595@example.jp"",""country"":""JP"",""phone"":""+81-90-1716-8322""}"	"[{""sku"":""WIDGET-321"",""qty"":3,""price"":11887}]"	"{""method"":""mobile_wallet"",""currency"":""JPY"",""amount"":35661,""status"":""pending""}"	desktop
C910517	2025-03-28T21:35:27Z	"{""email"":""park6540@example.jp"",""country"":""JP"",""phone"":""+81-90-4575-4372""}"	"[{""sku"":""WIDGET-113"",""qty"":2,""price"":27208}]"	"{""method"":""bank_transfer"",""currency"":""JPY"",""amount"":54416,""status"":""completed""}"	desktop
C914705	2025-03-28T02:55:56Z	"{""email"":""suzuki4247@example.jp"",""country"":""JP"",""phone"":""+81-90-8328-4628""}"	"[{""sku"":""WIDGET-371"",""qty"":2,""price"":14217}]"	"{""method"":""bank_transfer"",""currency"":""JPY"",""amount"":28434,""status"":""settled""}"	mobile
C908471	2025-03-28T18:45:53Z	"{""email"":""kim4706@example.jp"",""country"":""JP"",""phone"":""+81-90-6843-3508""}"	"[{""sku"":""WIDGET-361"",""qty"":1,""price"":17599}]"	"{""method"":""bank_transfer"",""currency"":""JPY"",""amount"":17599,""status"":""settled""}"	desktop
C911171	2025-03-28T23:40:07Z	"{""email"":""lee2822@example.kr"",""country"":""KR"",""phone"":""+82-10-1214-1140""}"	"[{""sku"":""WIDGET-288"",""qty"":5,""price"":41571}]"	"{""method"":""credit_card"",""currency"":""KRW"",""amount"":207855,""status"":""settled""}"	mobile
C913664	2025-03-28T20:00:29Z	"{""email"":""tanaka2747@example.jp"",""country"":""JP"",""phone"":""+81-90-4779-7932""}"	"[{""sku"":""WIDGET-152"",""qty"":5,""price"":29778}]"	"{""method"":""mobile_wallet"",""currency"":""JPY"",""amount"":148890,""status"":""settled""}"	desktop
C910828	2025-03-28T12:45:31Z	"{""email"":""lee6834@example.kr"",""country"":""KR"",""phone"":""+82-10-2034-7545""}"	"[{""sku"":""WIDGET-382"",""qty"":4,""price"":212979}]"	"{""method"":""credit_card"",""currency"":""KRW"",""amount"":851916,""status"":""settled""}"	mobile
C910007	2025-03-28T09:00:49Z	"{""email"":""suzuki4574@example.kr"",""country"":""KR"",""phone"":""+82-10-1679-8427""}"	"[{""sku"":""WIDGET-276"",""qty"":2,""price"":72287}]"	"{""method"":""credit_card"",""currency"":""KRW"",""amount"":144574,""status"":""settled""}"	mobile
C914247	2025-03-28T05:50:37Z	"{""email"":""kim6973@example.kr"",""country"":""KR"",""phone"":""+82-10-1834-4665""}"	"[{""sku"":""WIDGET-318"",""qty"":5,""price"":230330}]"	"{""method"":""mobile_wallet"",""currency"":""KRW"",""amount"":1151650,""status"":""settled""}"	mobile
C908699	2025-03-28T16:45:16Z	"{""email"":""yamada437@example.kr"",""country"":""KR"",""phone"":""+82-10-1185-5950""}"	"[{""sku"":""WIDGET-189"",""qty"":3,""price"":188963}]"	"{""method"":""bank_transfer"",""currency"":""KRW"",""amount"":566889,""status"":""settled""}"	desktop
C916244	2025-03-28T23:50:59Z	"{""email"":""kim8412@example.kr"",""country"":""KR"",""phone"":""+82-10-7783-2533""}"	"[{""sku"":""WIDGET-233"",""qty"":4,""price"":23586}]"	"{""method"":""mobile_wallet"",""currency"":""KRW"",""amount"":94344,""status"":""settled""}"	mobile
C912141	2025-03-28T01:15:23Z	"{""email"":""tanaka515@example.jp"",""country"":""JP"",""phone"":""+81-90-2036-2876""}"	"[{""sku"":""WIDGET-208"",""qty"":3,""price"":13008}]"	"{""method"":""bank_transfer"",""currency"":""JPY"",""amount"":39024,""status"":""settled""}"	desktop
C916921	2025-03-28T20:00:17Z	"{""email"":""yamada6600@example.kr"",""country"":""KR"",""phone"":""+82-10-2354-7741""}"	"[{""sku"":""WIDGET-257"",""qty"":2,""price"":138848}]"	"{""method"":""credit_card"",""currency"":""KRW"",""amount"":277696,""status"":""completed""}"	tablet
C909216	2025-03-28T20:50:58Z	"{""email"":""kim2022@example.kr"",""country"":""KR"",""phone"":""+82-10-6335-4789""}"	"[{""sku"":""WIDGET-392"",""qty"":5,""price"":259552}]"	"{""method"":""bank_transfer"",""currency"":""KRW"",""amount"":1297760,""status"":""settled""}"	desktop
C909574	2025-03-28T06:10:53Z	"{""email"":""park2673@example.jp"",""country"":""JP"",""phone"":""+81-90-6548-8695""}"	"[{""sku"":""WIDGET-124"",""qty"":4,""price"":2599}]"	"{""method"":""credit_card"",""currency"":""JPY"",""amount"":10396,""status"":""settled""}"	desktop
C918356	2025-03-28T11:35:31Z	"{""email"":""kim7806@example.jp"",""country"":""JP"",""phone"":""+81-90-5315-5663""}"	"[{""sku"":""WIDGET-362"",""qty"":3,""price"":7652}]"	"{""method"":""mobile_wallet"",""currency"":""JPY"",""amount"":22956,""status"":""completed""}"	desktop
C918075	2025-03-28T16:20:34Z	"{""email"":""suzuki9664@example.jp"",""country"":""JP"",""phone"":""+81-90-2053-5216""}"	"[{""sku"":""WIDGET-242"",""qty"":5,""price"":13305}]"	"{""method"":""credit_card"",""currency"":""JPY"",""amount"":66525,""status"":""settled""}"	tablet
C913717	2025-03-28T18:10:58Z	"{""email"":""lee6333@example.jp"",""country"":""JP"",""phone"":""+81-90-9624-6820""}"	"[{""sku"":""WIDGET-172"",""qty"":2,""price"":23463}]"	"{""method"":""mobile_wallet"",""currency"":""JPY"",""amount"":46926,""status"":""settled""}"	desktop
C912361	2025-03-28T17:15:04Z	"{""email"":""park4448@example.kr"",""country"":""KR"",""phone"":""+82-10-1424-5600""}"	"[{""sku"":""WIDGET-110"",""qty"":4,""price"":226509}]"	"{""method"":""mobile_wallet"",""currency"":""KRW"",""amount"":906036,""status"":""pending""}"	desktop
C916126	2025-03-28T11:25:55Z	"{""email"":""yamada2928@example.jp"",""country"":""JP"",""phone"":""+81-90-6490-1999""}"	"[{""sku"":""WIDGET-208"",""qty"":2,""price"":18327}]"	"{""method"":""credit_card"",""currency"":""JPY"",""amount"":36654,""status"":""settled""}"	desktop
C914515	2025-03-28T00:50:47Z	"{""email"":""park4654@example.jp"",""country"":""JP"",""phone"":""+81-90-5659-3939""}"	"[{""sku"":""WIDGET-214"",""qty"":4,""price"":5582}]"	"{""method"":""mobile_wallet"",""currency"":""JPY"",""amount"":22328,""status"":""settled""}"	desktop
C912536	2025-03-28T04:05:10Z	"{""email"":""suzuki2331@example.jp"",""country"":""JP"",""phone"":""+81-90-7751-3271""}"	"[{""sku"":""WIDGET-176"",""qty"":2,""price"":1062}]"	"{""method"":""bank_transfer"",""currency"":""JPY"",""amount"":2124,""status"":""completed""}"	tablet
C914676	2025-03-28T04:55:19Z	"{""email"":""park4689@example.jp"",""country"":""JP"",""phone"":""+81-90-3569-7305""}"	"[{""sku"":""WIDGET-266"",""qty"":2,""price"":14578}]"	"{""method"":""mobile_wallet"",""currency"":""JPY"",""amount"":29156,""status"":""settled""}"	desktop
C911632	2025-03-28T12:50:49Z	"{""email"":""lee4010@example.kr"",""country"":""KR"",""phone"":""+82-10-4112-6192""}"	"[{""sku"":""WIDGET-395"",""qty"":2,""price"":57924}]"	"{""method"":""credit_card"",""currency"":""KRW"",""amount"":115848,""status"":""settled""}"	desktop
C912527	2025-03-28T08:45:01Z	"{""email"":""suzuki8245@example.jp"",""country"":""JP"",""phone"":""+81-90-4264-9045""}"	"[{""sku"":""WIDGET-250"",""qty"":2,""price"":4261}]"	"{""method"":""bank_transfer"",""currency"":""JPY"",""amount"":8522,""status"":""settled""}"	mobile
C910330	2025-03-28T00:00:49Z	"{""email"":""park4246@example.kr"",""country"":""KR"",""phone"":""+82-10-1201-7603""}"	"[{""sku"":""WIDGET-112"",""qty"":1,""price"":143772}]"	"{""method"":""mobile_wallet"",""currency"":""KRW"",""amount"":143772,""status"":""settled""}"	mobile
C918633	2025-03-28T23:35:54Z	"{""email"":""kim487@example.jp"",""country"":""JP"",""phone"":""+81-90-9008-6935""}"	"[{""sku"":""WIDGET-399"",""qty"":2,""price"":4672}]"	"{""method"":""bank_transfer"",""currency"":""JPY"",""amount"":9344,""status"":""completed""}"	desktop
C911317	2025-03-28T10:40:01Z	"{""email"":""kim1683@example.kr"",""country"":""KR"",""phone"":""+82-10-9444-9657""}"	"[{""sku"":""WIDGET-379"",""qty"":5,""price"":250193}]"	"{""method"":""bank_transfer"",""currency"":""KRW"",""amount"":1250965,""status"":""completed""}"	desktop
C914005	2025-03-28T17:00:34Z	"{""email"":""kim7472@example.jp"",""country"":""JP"",""phone"":""+81-90-9247-4106""}"	"[{""sku"":""WIDGET-289"",""qty"":3,""price"":16092}]"	"{""method"":""bank_transfer"",""currency"":""JPY"",""amount"":48276,""status"":""settled""}"	mobile
C917446	2025-03-28T15:40:21Z	"{""email"":""tanaka2903@example.kr"",""country"":""KR"",""phone"":""+82-10-5741-3206""}"	"[{""sku"":""WIDGET-243"",""qty"":5,""price"":255452}]"	"{""method"":""credit_card"",""currency"":""KRW"",""amount"":1277260,""status"":""settled""}"	desktop
C917339	2025-03-28T08:50:09Z	"{""email"":""suzuki7409@example.kr"",""country"":""KR"",""phone"":""+82-10-7464-6198""}"	"[{""sku"":""WIDGET-279"",""qty"":2,""price"":131870}]"	"{""method"":""mobile_wallet"",""currency"":""KRW"",""amount"":263740,""status"":""completed""}"	desktop
C914995	2025-03-28T19:15:42Z	"{""email"":""park397@example.jp"",""country"":""JP"",""phone"":""+81-90-2244-9986""}"	"[{""sku"":""WIDGET-113"",""qty"":5,""price"":19527}]"	"{""method"":""bank_transfer"",""currency"":""JPY"",""amount"":97635,""status"":""settled""}"	desktop
C915841	2025-03-28T08:25:47Z	"{""email"":""yamada3477@example.kr"",""country"":""KR"",""phone"":""+82-10-2886-5003""}"	"[{""sku"":""WIDGET-385"",""qty"":1,""price"":229490}]"	"{""method"":""credit_card"",""currency"":""KRW"",""amount"":229490,""status"":""settled""}"	desktop
C914844	2025-03-28T12:10:05Z	"{""email"":""park8063@example.kr"",""country"":""KR"",""phone"":""+82-10-1275-6157""}"	"[{""sku"":""WIDGET-184"",""qty"":5,""price"":141133}]"	"{""method"":""mobile_wallet"",""currency"":""KRW"",""amount"":705665,""status"":""settled""}"	desktop
C912764	2025-03-28T00:00:38Z	"{""email"":""tanaka6599@example.kr"",""country"":""KR"",""phone"":""+82-10-4960-3379""}"	"[{""sku"":""WIDGET-163"",""qty"":5,""price"":14344}]"	"{""method"":""credit_card"",""currency"":""KRW"",""amount"":71720,""status"":""settled""}"	desktop
C909565	2025-03-28T11:15:40Z	"{""email"":""lee2529@example.kr"",""country"":""KR"",""phone"":""+82-10-1600-7929""}"	"[{""sku"":""WIDGET-113"",""qty"":4,""price"":253015}]"	"{""method"":""credit_card"",""currency"":""KRW"",""amount"":1012060,""status"":""completed""}"	desktop
C917555	2025-03-28T11:20:59Z	"{""email"":""kim1058@example.jp"",""country"":""JP"",""phone"":""+81-90-4856-2662""}"	"[{""sku"":""WIDGET-341"",""qty"":5,""price"":24449}]"	"{""method"":""mobile_wallet"",""currency"":""JPY"",""amount"":122245,""status"":""settled""}"	tablet
C910637	2025-03-28T19:00:01Z	"{""email"":""park3144@example.jp"",""country"":""JP"",""phone"":""+81-90-8000-4218""}"	"[{""sku"":""WIDGET-198"",""qty"":5,""price"":2146}]"	"{""method"":""mobile_wallet"",""currency"":""JPY"",""amount"":10730,""status"":""completed""}"	desktop
C914071	2025-03-28T23:00:58Z	"{""email"":""park4630@example.kr"",""country"":""KR"",""phone"":""+82-10-2474-3787""}"	"[{""sku"":""WIDGET-296"",""qty"":4,""price"":206993}]"	"{""method"":""bank_transfer"",""currency"":""KRW"",""amount"":827972,""status"":""settled""}"	desktop
C915775	2025-03-28T21:30:40Z	"{""email"":""suzuki7780@example.jp"",""country"":""JP"",""phone"":""+81-90-1394-7914""}"	"[{""sku"":""WIDGET-272"",""qty"":5,""price"":3699}]"	"{""method"":""credit_card"",""currency"":""JPY"",""amount"":18495,""status"":""settled""}"	mobile
C913964	2025-03-28T20:30:06Z	"{""email"":""lee9378@example.jp"",""country"":""JP"",""phone"":""+81-90-1693-9976""}"	"[{""sku"":""WIDGET-313"",""qty"":5,""price"":28706}]"	"{""method"":""bank_transfer"",""currency"":""JPY"",""amount"":143530,""status"":""settled""}"	tablet
C911160	2025-03-28T18:45:59Z	"{""email"":""suzuki8435@example.kr"",""country"":""KR"",""phone"":""+82-10-2889-2295""}"	"[{""sku"":""WIDGET-288"",""qty"":2,""price"":129546}]"	"{""method"":""mobile_wallet"",""currency"":""KRW"",""amount"":259092,""status"":""completed""}"	desktop
C918242	2025-03-28T15:45:57Z	"{""email"":""lee8054@example.kr"",""country"":""KR"",""phone"":""+82-10-6564-2892""}"	"[{""sku"":""WIDGET-367"",""qty"":2,""price"":150599}]"	"{""method"":""credit_card"",""currency"":""KRW"",""amount"":301198,""status"":""settled""}"	tablet
C910956	2025-03-28T15:40:29Z	"{""email"":""yamada5072@example.kr"",""country"":""KR"",""phone"":""+82-10-8860-1548""}"	"[{""sku"":""WIDGET-105"",""qty"":2,""price"":77445}]"	"{""method"":""credit_card"",""currency"":""KRW"",""amount"":154890,""status"":""settled""}"	desktop
C914458	2025-03-28T10:45:24Z	"{""email"":""park3598@example.kr"",""country"":""KR"",""phone"":""+82-10-6258-8108""}"	"[{""sku"":""WIDGET-365"",""qty"":4,""price"":24306}]"	"{""method"":""mobile_wallet"",""currency"":""KRW"",""amount"":97224,""status"":""pending""}"	mobile
C908623	2025-03-28T11:30:39Z	"{""email"":""lee9889@example.kr"",""country"":""KR"",""phone"":""+82-10-2675-1499""}"	"[{""sku"":""WIDGET-265"",""qty"":2,""price"":263123}]"	"{""method"":""bank_transfer"",""currency"":""KRW"",""amount"":526246,""status"":""completed""}"	desktop
C912733	2025-03-28T10:10:50Z	"{""email"":""kim4374@example.kr"",""country"":""KR"",""phone"":""+82-10-5265-3268""}"	"[{""sku"":""WIDGET-198"",""qty"":1,""price"":216015}]"	"{""method"":""mobile_wallet"",""currency"":""KRW"",""amount"":216015,""status"":""settled""}"	mobile
C913923	2025-03-28T11:45:10Z	"{""email"":""park2397@example.jp"",""country"":""JP"",""phone"":""+81-90-2978-3613""}"	"[{""sku"":""WIDGET-232"",""qty"":2,""price"":6107}]"	"{""method"":""bank_transfer"",""currency"":""JPY"",""amount"":12214,""status"":""settled""}"	mobile
C910104	2025-03-28T00:45:00Z	"{""email"":""yamada4636@example.kr"",""country"":""KR"",""phone"":""+82-10-8205-9858""}"	"[{""sku"":""WIDGET-327"",""qty"":5,""price"":88756}]"	"{""method"":""credit_card"",""currency"":""KRW"",""amount"":443780,""status"":""completed""}"	desktop
C913061	2025-03-28T09:40:10Z	"{""email"":""lee7952@example.jp"",""country"":""JP"",""phone"":""+81-90-7942-8006""}"	"[{""sku"":""WIDGET-247"",""qty"":4,""price"":15409}]"	"{""method"":""bank_transfer"",""currency"":""JPY"",""amount"":61636,""status"":""settled""}"	tablet
C915074	2025-03-28T21:40:49Z	"{""email"":""tanaka60@example.kr"",""country"":""KR""}"	"[{""sku"":""WIDGET-352"",""qty"":4,""price"":70405}]"	"{""method"":""mobile_wallet"",""currency"":""KRW"",""amount"":281620,""status"":""settled""}"	desktop
C918019	2025-03-28T05:50:07Z	"{""email"":""lee2926@example.jp"",""country"":""JP"",""phone"":""+81-90-5687-6686""}"	"[{""sku"":""WIDGET-185"",""qty"":5,""price"":12682}]"	"{""method"":""bank_transfer"",""currency"":""JPY"",""amount"":63410,""status"":""completed""}"	mobile
C911071	2025-03-28T12:10:29Z	"{""email"":""tanaka280@example.kr"",""country"":""KR"",""phone"":""+82-10-4635-3526""}"	"[{""sku"":""WIDGET-174"",""qty"":1,""price"":158374}]"	"{""method"":""bank_transfer"",""currency"":""KRW"",""amount"":158374,""status"":""settled""}"	mobile
C910168	2025-03-28T21:05:03Z	"{""email"":""yamada4463@example.kr"",""country"":""KR"",""phone"":""+82-10-7600-6166""}"	"[{""sku"":""WIDGET-104"",""qty"":1,""price"":58870}]"	"{""method"":""bank_transfer"",""currency"":""KRW"",""amount"":58870,""status"":""settled""}"	mobile
C918082	2025-03-28T09:50:08Z	"{""email"":""park9589@example.jp"",""country"":""JP"",""phone"":""+81-90-6202-2968""}"	"[{""sku"":""WIDGET-100"",""qty"":1,""price"":14161}]"	"{""method"":""mobile_wallet"",""currency"":""JPY"",""amount"":14161,""status"":""completed""}"	mobile
C908205	2025-03-28T22:30:30Z	"{""email"":""lee8295@example.jp"",""country"":""JP"",""phone"":""+81-90-2207-8714""}"	"[{""sku"":""WIDGET-220"",""qty"":5,""price"":16212}]"	"{""method"":""credit_card"",""currency"":""JPY"",""amount"":81060,""status"":""settled""}"	tablet
C916165	2025-03-28T00:25:03Z	"{""email"":""lee6520@example.jp"",""country"":""JP"",""phone"":""+81-90-2566-4391""}"	"[{""sku"":""WIDGET-192"",""qty"":2,""price"":17870}]"	"{""method"":""mobile_wallet"",""currency"":""JPY"",""amount"":35740,""status"":""completed""}"	tablet
C916969	2025-03-28T19:45:03Z	"{""email"":""suzuki6708@example.jp"",""country"":""JP"",""phone"":""+81-90-9978-9260""}"	"[{""sku"":""WIDGET-227"",""qty"":3,""price"":14017}]"	"{""method"":""credit_card"",""currency"":""JPY"",""amount"":42051,""status"":""completed""}"	desktop
C908734	2025-03-28T12:45:33Z	"{""email"":""tanaka2284@example.jp"",""country"":""JP"",""phone"":""+81-90-8962-9383""}"	"[{""sku"":""WIDGET-124"",""qty"":1,""price"":10414}]"	"{""method"":""bank_transfer"",""currency"":""JPY"",""amount"":10414,""status"":""settled""}"	desktop
C912903	2025-03-28T23:30:59Z	"{""email"":""suzuki9653@example.jp"",""country"":""JP""}"	"[{""sku"":""WIDGET-115"",""qty"":3,""price"":17962}]"	"{""method"":""credit_card"",""currency"":""JPY"",""amount"":53886,""status"":""completed""}"	tablet
C914403	2025-03-28T11:25:55Z	"{""email"":""yamada6846@example.jp"",""country"":""JP"",""phone"":""+81-90-2185-4787""}"	"[{""sku"":""WIDGET-148"",""qty"":5,""price"":19730}]"	"{""method"":""credit_card"",""currency"":""JPY"",""amount"":98650,""status"":""completed""}"	mobile
C910400	2025-03-28T16:15:09Z	"{""email"":""kim6780@example.jp"",""country"":""JP"",""phone"":""+81-90-9766-8740""}"	"[{""sku"":""WIDGET-180"",""qty"":4,""price"":13676}]"	"{""method"":""credit_card"",""currency"":""JPY"",""amount"":54704,""status"":""settled""}"	mobile
C918123	2025-03-28T16:15:45Z	"{""email"":""yamada385@example.kr"",""country"":""KR"",""phone"":""+82-10-2787-3096""}"	"[{""sku"":""WIDGET-294"",""qty"":3,""price"":186268}]"	"{""method"":""bank_transfer"",""currency"":""KRW"",""amount"":558804,""status"":""settled""}"	tablet
C917627	2025-03-28T02:45:08Z	"{""email"":""tanaka3539@example.jp"",""country"":""JP"",""phone"":""+81-90-6814-5190""}"	"[{""sku"":""WIDGET-175"",""qty"":3,""price"":28082}]"	"{""method"":""credit_card"",""currency"":""JPY"",""amount"":84246,""status"":""pending""}"	tablet
C913062	2025-03-28T03:35:17Z	"{""email"":""tanaka8239@example.kr"",""country"":""KR"",""phone"":""+82-10-3676-5496""}"	"[{""sku"":""WIDGET-298"",""qty"":4,""price"":56327}]"	"{""method"":""credit_card"",""currency"":""KRW"",""amount"":225308,""status"":""settled""}"	tablet
C912951	2025-03-28T06:00:42Z	"{""email"":""tanaka3610@example.jp"",""country"":""JP"",""phone"":""+81-90-2439-4300""}"	"[{""sku"":""WIDGET-103"",""qty"":5,""price"":20425}]"	"{""method"":""bank_transfer"",""currency"":""JPY"",""amount"":102125,""status"":""settled""}"	mobile
C914638	2025-03-28T19:55:52Z	"{""email"":""tanaka3349@example.jp"",""country"":""JP"",""phone"":""+81-90-3990-5419""}"	"[{""sku"":""WIDGET-235"",""qty"":3,""price"":20449}]"	"{""method"":""mobile_wallet"",""currency"":""JPY"",""amount"":61347,""status"":""completed""}"	mobile
C910367	2025-03-28T15:25:42Z	"{""email"":""park5224@example.jp"",""country"":""JP"",""phone"":""+81-90-8596-1023""}"	"[{""sku"":""WIDGET-195"",""qty"":5,""price"":25529}]"	"{""method"":""mobile_wallet"",""currency"":""JPY"",""amount"":127645,""status"":""settled""}"	desktop
C917361	2025-03-28T21:15:29Z	"{""email"":""yamada5753@example.kr"",""country"":""KR"",""phone"":""+82-10-5404-3767""}"	"[{""sku"":""WIDGET-232"",""qty"":4,""price"":217958}]"	"{""method"":""credit_card"",""currency"":""KRW"",""amount"":871832,""status"":""settled""}"	tablet
C916837	2025-03-28T09:50:38Z	"{""email"":""lee977@example.kr"",""country"":""KR"",""phone"":""+82-10-5608-3460""}"	"[{""sku"":""WIDGET-342"",""qty"":4,""price"":59018}]"	"{""method"":""bank_transfer"",""currency"":""KRW"",""amount"":236072,""status"":""settled""}"	mobile
C910552	2025-03-28T16:35:30Z	"{""email"":""park4881@example.jp"",""country"":""JP"",""phone"":""+81-90-8205-5554""}"	"[{""sku"":""WIDGET-379"",""qty"":4,""price"":5355}]"	"{""method"":""mobile_wallet"",""currency"":""JPY"",""amount"":21420,""status"":""completed""}"	mobile
C918122	2025-03-28T03:30:59Z	"{""email"":""yamada8131@example.jp"",""country"":""JP"",""phone"":""+81-90-5986-5287""}"	"[{""sku"":""WIDGET-191"",""qty"":3,""price"":20262}]"	"{""method"":""bank_transfer"",""currency"":""JPY"",""amount"":60786,""status"":""completed""}"	tablet
C908412	2025-03-28T02:40:14Z	"{""email"":""tanaka7746@example.jp"",""country"":""JP"",""phone"":""+81-90-6680-2044""}"	"[{""sku"":""WIDGET-160"",""qty"":4,""price"":18812}]"	"{""method"":""bank_transfer"",""currency"":""JPY"",""amount"":75248,""status"":""settled""}"	desktop
C915868	2025-03-28T04:10:44Z	"{""email"":""kim7737@example.kr"",""country"":""KR"",""phone"":""+82-10-5150-1461""}"	"[{""sku"":""WIDGET-327"",""qty"":4,""price"":53268}]"	"{""method"":""bank_transfer"",""currency"":""KRW"",""amount"":213072,""status"":""settled""}"	mobile
C917273	2025-03-28T03:45:10Z	"{""email"":""park9219@example.kr"",""country"":""KR"",""phone"":""+82-10-3133-9759""}"	"[{""sku"":""WIDGET-156"",""qty"":3,""price"":79543}]"	"{""method"":""bank_transfer"",""currency"":""KRW"",""amount"":238629,""status"":""pending""}"	desktop
C909703	2025-03-28T19:45:25Z	"{""email"":""park1290@example.kr"",""country"":""KR"",""phone"":""+82-10-1397-9778""}"	"[{""sku"":""WIDGET-104"",""qty"":4,""price"":111412}]"	"{""method"":""bank_transfer"",""currency"":""KRW"",""amount"":445648,""status"":""settled""}"	desktop
C916283	2025-03-28T23:35:30Z	"{""email"":""tanaka9387@example.jp"",""country"":""JP"",""phone"":""+81-90-1558-7562""}"	"[{""sku"":""WIDGET-127"",""qty"":3,""price"":9941}]"	"{""method"":""mobile_wallet"",""currency"":""JPY"",""amount"":29823,""status"":""completed""}"	tablet
C912653	2025-03-28T20:50:33Z	"{""email"":""tanaka626@example.kr"",""country"":""KR"",""phone"":""+82-10-8818-1480""}"	"[{""sku"":""WIDGET-295"",""qty"":3,""price"":176092}]"	"{""method"":""bank_transfer"",""currency"":""KRW"",""amount"":528276,""status"":""settled""}"	mobile
C910470	2025-03-28T19:10:49Z	"{""email"":""lee5175@example.kr"",""country"":""KR"",""phone"":""+82-10-1015-1116""}"	"[{""sku"":""WIDGET-131"",""qty"":1,""price"":22880}]"	"{""method"":""bank_transfer"",""currency"":""KRW"",""amount"":22880,""status"":""completed""}"	tablet
C916406	2025-03-28T11:30:55Z	"{""email"":""park3678@example.jp"",""country"":""JP"",""phone"":""+81-90-4705-7129""}"	"[{""sku"":""WIDGET-147"",""qty"":5,""price"":10241}]"	"{""method"":""bank_transfer"",""currency"":""JPY"",""amount"":51205,""status"":""settled""}"	desktop
C910884	2025-03-28T07:45:40Z	"{""email"":""park7574@example.jp"",""country"":""JP"",""phone"":""+81-90-5109-7314""}"	"[{""sku"":""WIDGET-161"",""qty"":1,""price"":26890}]"	"{""method"":""mobile_wallet"",""currency"":""JPY"",""amount"":26890,""status"":""completed""}"	tablet
C913105	2025-03-28T01:50:45Z	"{""email"":""yamada3798@example.kr"",""country"":""KR"",""phone"":""+82-10-2336-5594""}"	"[{""sku"":""WIDGET-218"",""qty"":2,""price"":42850}]"	"{""method"":""credit_card"",""currency"":""KRW"",""amount"":85700,""status"":""settled""}"	mobile
C910264	2025-03-28T09:20:17Z	"{""email"":""lee6548@example.kr"",""country"":""KR"",""phone"":""+82-10-9618-4963""}"	"[{""sku"":""WIDGET-138"",""qty"":1,""price"":136432}]"	"{""method"":""credit_card"",""currency"":""KRW"",""amount"":136432,""status"":""settled""}"	mobile
C909756	2025-03-28T01:10:23Z	"{""email"":""kim1390@example.jp"",""country"":""JP"",""phone"":""+81-90-1816-3400""}"	"[{""sku"":""WIDGET-323"",""qty"":3,""price"":16978}]"	"{""method"":""mobile_wallet"",""currency"":""JPY"",""amount"":50934,""status"":""pending""}"	desktop
C914737	2025-03-28T12:25:40Z	"{""email"":""tanaka1503@example.kr"",""country"":""KR"",""phone"":""+82-10-4823-9124""}"	"[{""sku"":""WIDGET-317"",""qty"":1,""price"":196923}]"	"{""method"":""bank_transfer"",""currency"":""KRW"",""amount"":196923,""status"":""completed""}"	mobile
C915446	2025-03-28T23:05:56Z	"{""email"":""tanaka2893@example.jp"",""country"":""JP"",""phone"":""+81-90-5390-7656""}"	"[{""sku"":""WIDGET-299"",""qty"":2,""price"":1892}]"	"{""method"":""bank_transfer"",""currency"":""JPY"",""amount"":3784,""status"":""settled""}"	tablet
C913951	2025-03-28T22:40:03Z	"{""email"":""lee5987@example.jp"",""country"":""JP"",""phone"":""+81-90-1547-1051""}"	"[{""sku"":""WIDGET-230"",""qty"":5,""price"":16345}]"	"{""method"":""bank_transfer"",""currency"":""JPY"",""amount"":81725,""status"":""completed""}"	tablet
C912474	2025-03-28T07:05:15Z	"{""email"":""lee1296@example.jp"",""country"":""JP"",""phone"":""+81-90-3348-3152""}"	"[{""sku"":""WIDGET-187"",""qty"":3,""price"":27553}]"	"{""method"":""bank_transfer"",""currency"":""JPY"",""amount"":82659,""status"":""settled""}"	mobile
C918502	2025-03-28T03:15:46Z	"{""email"":""suzuki1729@example.kr"",""country"":""KR"",""phone"":""+82-10-8691-4299""}"	"[{""sku"":""WIDGET-399"",""qty"":2,""price"":100730}]"	"{""method"":""credit_card"",""currency"":""KRW"",""amount"":201460,""status"":""settled""}"	mobile
C915656	2025-03-28T06:30:36Z	"{""email"":""yamada9653@example.kr"",""country"":""KR"",""phone"":""+82-10-9020-1406""}"	"[{""sku"":""WIDGET-121"",""qty"":5,""price"":182227}]"	"{""method"":""mobile_wallet"",""currency"":""KRW"",""amount"":911135,""status"":""settled""}"	mobile
C909249	2025-03-28T00:55:19Z	"{""email"":""tanaka8406@example.kr"",""country"":""KR"",""phone"":""+82-10-1159-9022""}"	"[{""sku"":""WIDGET-100"",""qty"":3,""price"":237258}]"	"{""method"":""bank_transfer"",""currency"":""KRW"",""amount"":711774,""status"":""completed""}"	mobile
C909509	2025-03-28T08:50:11Z	"{""email"":""yamada7178@example.kr"",""country"":""KR"",""phone"":""+82-10-4790-2435""}"	"[{""sku"":""WIDGET-207"",""qty"":2,""price"":120124}]"	"{""method"":""credit_card"",""currency"":""KRW"",""amount"":240248,""status"":""completed""}"	tablet
C916435	2025-03-28T22:35:35Z	"{""email"":""park5695@example.kr"",""country"":""KR"",""phone"":""+82-10-4335-4073""}"	"[{""sku"":""WIDGET-224"",""qty"":1,""price"":140740}]"	"{""method"":""credit_card"",""currency"":""KRW"",""amount"":140740,""status"":""pending""}"	mobile
C909906	2025-03-28T05:40:24Z	"{""email"":""tanaka9251@example.kr"",""country"":""KR""}"	"[{""sku"":""WIDGET-288"",""qty"":2,""price"":254178}]"	"{""method"":""bank_transfer"",""currency"":""KRW"",""amount"":508356,""status"":""completed""}"	mobile
C911707	2025-03-28T09:05:52Z	"{""email"":""tanaka470@example.kr"",""country"":""KR"",""phone"":""+82-10-7709-2111""}"	"[{""sku"":""WIDGET-226"",""qty"":5,""price"":214146}]"	"{""method"":""bank_transfer"",""currency"":""KRW"",""amount"":1070730,""status"":""settled""}"	desktop
C912473	2025-03-28T10:40:31Z	"{""email"":""suzuki252@example.jp"",""country"":""JP"",""phone"":""+81-90-7615-9377""}"	"[{""sku"":""WIDGET-369"",""qty"":3,""price"":5037}]"	"{""method"":""bank_transfer"",""currency"":""JPY"",""amount"":15111,""status"":""completed""}"	tablet
C917016	2025-03-28T16:50:01Z	"{""email"":""suzuki2230@example.jp"",""country"":""JP"",""phone"":""+81-90-5852-3895""}"	"[{""sku"":""WIDGET-365"",""qty"":5,""price"":4263}]"	"{""method"":""mobile_wallet"",""currency"":""JPY"",""amount"":21315,""status"":""settled""}"	desktop
C913264	2025-03-28T10:00:01Z	"{""email"":""yamada5050@example.kr"",""country"":""KR"",""phone"":""+82-10-6214-3645""}"	"[{""sku"":""WIDGET-320"",""qty"":1,""price"":181238}]"	"{""method"":""mobile_wallet"",""currency"":""KRW"",""amount"":181238,""status"":""settled""}"	desktop
C918694	2025-03-28T09:30:15Z	"{""email"":""park4872@example.jp"",""country"":""JP"",""phone"":""+81-90-9320-4085""}"	"[{""sku"":""WIDGET-200"",""qty"":2,""price"":7362}]"	"{""method"":""credit_card"",""currency"":""JPY"",""amount"":14724,""status"":""settled""}"	mobile
C918454	2025-03-28T17:10:57Z	"{""email"":""kim9472@example.jp"",""country"":""JP"",""phone"":""+81-90-5844-3878""}"	"[{""sku"":""WIDGET-281"",""qty"":2,""price"":9479}]"	"{""method"":""bank_transfer"",""currency"":""JPY"",""amount"":18958,""status"":""settled""}"	desktop
C913725	2025-03-28T07:50:35Z	"{""email"":""suzuki9427@example.jp"",""country"":""JP"",""phone"":""+81-90-9943-5676""}"	"[{""sku"":""WIDGET-119"",""qty"":1,""price"":16026}]"	"{""method"":""bank_transfer"",""currency"":""JPY"",""amount"":16026,""status"":""completed""}"	tablet
C914043	2025-03-28T15:25:56Z	"{""email"":""yamada5232@example.kr"",""country"":""KR"",""phone"":""+82-10-7014-7650""}"	"[{""sku"":""WIDGET-399"",""qty"":1,""price"":127588}]"	"{""method"":""mobile_wallet"",""currency"":""KRW"",""amount"":127588,""status"":""completed""}"	desktop
C910902	2025-03-28T20:55:14Z	"{""email"":""tanaka9471@example.jp"",""country"":""JP"",""phone"":""+81-90-9128-4684""}"	"[{""sku"":""WIDGET-355"",""qty"":1,""price"":24534}]"	"{""method"":""mobile_wallet"",""currency"":""JPY"",""amount"":24534,""status"":""settled""}"	tablet
C910402	2025-03-28T21:10:59Z	"{""email"":""lee4727@example.jp"",""country"":""JP"",""phone"":""+81-90-5332-1077""}"	"[{""sku"":""WIDGET-234"",""qty"":3,""price"":29382}]"	"{""method"":""credit_card"",""currency"":""JPY"",""amount"":88146,""status"":""completed""}"	mobile
C912659	2025-03-28T05:05:07Z	"{""email"":""kim4095@example.kr"",""country"":""KR"",""phone"":""+82-10-4354-2558""}"	"[{""sku"":""WIDGET-231"",""qty"":1,""price"":101828}]"	"{""method"":""credit_card"",""currency"":""KRW"",""amount"":101828,""status"":""settled""}"	desktop
C908849	2025-03-28T02:50:22Z	"{""email"":""suzuki7801@example.jp"",""country"":""JP"",""phone"":""+81-90-9623-8501""}"	"[{""sku"":""WIDGET-359"",""qty"":5,""price"":27656}]"	"{""method"":""mobile_wallet"",""currency"":""JPY"",""amount"":138280,""status"":""pending""}"	mobile
C909693	2025-03-28T09:05:14Z	"{""email"":""yamada1593@example.jp"",""country"":""JP"",""phone"":""+81-90-3381-7425""}"	"[{""sku"":""WIDGET-251"",""qty"":1,""price"":4005}]"	"{""method"":""credit_card"",""currency"":""JPY"",""amount"":4005,""status"":""settled""}"	desktop
C918065	2025-03-28T21:45:43Z	"{""email"":""suzuki6754@example.kr"",""country"":""KR"",""phone"":""+82-10-2207-5243""}"	"[{""sku"":""WIDGET-234"",""qty"":2,""price"":90324}]"	"{""method"":""bank_transfer"",""currency"":""KRW"",""amount"":180648,""status"":""completed""}"	mobile
C908511	2025-03-28T22:35:20Z	"{""email"":""tanaka7875@example.jp"",""country"":""JP"",""phone"":""+81-90-2869-1517""}"	"[{""sku"":""WIDGET-140"",""qty"":2,""price"":22913}]"	"{""method"":""mobile_wallet"",""currency"":""JPY"",""amount"":45826,""status"":""completed""}"	desktop
C909437	2025-03-28T00:15:59Z	"{""email"":""yamada4952@example.jp"",""country"":""JP"",""phone"":""+81-90-2136-4222""}"	"[{""sku"":""WIDGET-195"",""qty"":2,""price"":22382}]"	"{""method"":""credit_card"",""currency"":""JPY"",""amount"":44764,""status"":""settled""}"	desktop
C909627	2025-03-28T11:20:12Z	"{""email"":""kim5428@example.jp"",""country"":""JP"",""phone"":""+81-90-1393-7732""}"	"[{""sku"":""WIDGET-123"",""qty"":4,""price"":22059}]"	"{""method"":""mobile_wallet"",""currency"":""JPY"",""amount"":88236,""status"":""completed""}"	mobile
C912618	2025-03-28T23:05:32Z	"{""email"":""tanaka206@example.kr"",""country"":""KR"",""phone"":""+82-10-6091-5537""}"	"[{""sku"":""WIDGET-265"",""qty"":1,""price"":77065}]"	"{""method"":""credit_card"",""currency"":""KRW"",""amount"":77065,""status"":""settled""}"	mobile
C911796	2025-03-28T16:45:55Z	"{""email"":""yamada7235@example.jp"",""country"":""JP"",""phone"":""+81-90-1854-8281""}"	"[{""sku"":""WIDGET-354"",""qty"":2,""price"":20267}]"	"{""method"":""credit_card"",""currency"":""JPY"",""amount"":40534,""status"":""completed""}"	desktop
C908273	2025-03-28T01:43:09Z	"{""email"":""park2556@example.jp"",""country"":""JP"",""phone"":""+81-90-9511-7830""}"	"[{""sku"":""WIDGET-394"",""qty"":5,""price"":28635}]"	"{""method"": ""credit_card"", ""currency"": ""JPY"", ""amount"": 143175, ""status"": ""pending""}"	desktop
C908273	2025-03-28T01:50:09Z	"{""email"":""park2556@example.jp"",""country"":""JP"",""phone"":""+81-90-9511-7830""}"	"[{""sku"":""WIDGET-394"",""qty"":5,""price"":28635}]"	"{""method"": ""credit_card"", ""currency"": ""JPY"", ""amount"": 143175, ""status"": ""completed""}"	desktop
C918312	2025-03-28T01:05:28Z	"{""email"":""park3144@example.jp"",""country"":""JP"",""phone"":""+81-90-9091-8463""}"	"[{""sku"":""WIDGET-210"",""qty"":2,""price"":22033}]"	"{""method"": ""credit_card"", ""currency"": ""JPY"", ""amount"": 44066, ""status"": ""pending""}"	desktop
C910764	2025-03-28T01:34:48Z	"{""email"":""suzuki9632@example.jp"",""country"":""JP"",""phone"":""+81-90-6425-2483""}"	"[{""sku"":""WIDGET-239"",""qty"":4,""price"":15340}]"	"{""method"": ""bank_transfer"", ""currency"": ""JPY"", ""amount"": 61360, ""status"": ""settled""}"	mobile
C916255	2025-03-28T01:03:53Z	"{""email"":""kim1294@example.kr"",""country"":""KR"",""phone"":""+82-10-6480-9797""}"	"[{""sku"":""WIDGET-356"",""qty"":4,""price"":28587}]"	"{""method"": ""mobile_wallet"", ""currency"": ""KRW"", ""amount"": 114348, ""status"": ""pending""}"	mobile
C916255	2025-03-28T01:14:53Z	"{""email"":""kim1294@example.kr"",""country"":""KR"",""phone"":""+82-10-6480-9797""}"	"[{""sku"":""WIDGET-356"",""qty"":4,""price"":28587}]"	"{""method"": ""mobile_wallet"", ""currency"": ""KRW"", ""amount"": 114348, ""status"": ""completed""}"	mobile
C918314	2025-03-28T01:43:14Z	"{""email"":""yamada2738@example.kr"",""country"":""KR"",""phone"":""+82-10-5818-8744""}"	"[{""sku"":""WIDGET-180"",""qty"":1,""price"":178091}]"	"{""method"": ""bank_transfer"", ""currency"": ""KRW"", ""amount"": 178091, ""status"": ""pending""}"	mobile
C918314	2025-03-28T01:51:14Z	"{""email"":""yamada2738@example.kr"",""country"":""KR"",""phone"":""+82-10-5818-8744""}"	"[{""sku"":""WIDGET-180"",""qty"":1,""price"":178091}]"	"{""method"": ""bank_transfer"", ""currency"": ""KRW"", ""amount"": 178091, ""status"": ""completed""}"	mobile
C916855	2025-03-28T01:50:28Z	"{""email"":""kim8259@example.kr"",""country"":""KR"",""phone"":""+82-10-3272-7145""}"	"[{""sku"":""WIDGET-311"",""qty"":2,""price"":112654}]"	"{""method"": ""credit_card"", ""currency"": ""KRW"", ""amount"": 225308, ""status"": ""pending""}"	mobile
C911435	2025-03-28T01:25:45Z	"{""email"":""suzuki8766@example.kr"",""country"":""KR"",""phone"":""+82-10-2961-2935""}"	"[{""sku"":""WIDGET-222"",""qty"":5,""price"":204501}]"	"{""method"": ""bank_transfer"", ""currency"": ""KRW"", ""amount"": 1022505, ""status"": ""completed""}"	tablet
C912141	2025-03-28T01:02:23Z	"{""email"":""tanaka515@example.jp"",""country"":""JP"",""phone"":""+81-90-2036-2876""}"	"[{""sku"":""WIDGET-208"",""qty"":3,""price"":13008}]"	"{""method"": ""bank_transfer"", ""currency"": ""JPY"", ""amount"": 39024, ""status"": ""pending""}"	desktop
C910847	2025-03-28T01:18:25Z	"{""email"":""park4614@example.kr"",""country"":""KR"",""phone"":""+82-10-7551-9511""}"	"[{""sku"":""WIDGET-324"",""qty"":5,""price"":232318}]"	"{""method"": ""credit_card"", ""currency"": ""KRW"", ""amount"": 1161590, ""status"": ""pending""}"	tablet
C910847	2025-03-28T01:23:25Z	"{""email"":""park4614@example.kr"",""country"":""KR"",""phone"":""+82-10-7551-9511""}"	"[{""sku"":""WIDGET-324"",""qty"":5,""price"":232318}]"	"{""method"": ""credit_card"", ""currency"": ""KRW"", ""amount"": 1161590, ""status"": ""completed""}"	tablet
C917372	2025-03-28T01:17:02Z	"{""email"":""park5843@example.kr"",""country"":""KR"",""phone"":""+82-10-6422-3259""}"	"[{""sku"":""WIDGET-354"",""qty"":4,""price"":95132}]"	"{""method"": ""mobile_wallet"", ""currency"": ""KRW"", ""amount"": 380528, ""status"": ""settled""}"	desktop
C917815	2025-03-28T01:31:25Z	"{""email"":""kim8422@example.kr"",""country"":""KR"",""phone"":""+82-10-8174-4512""}"	"[{""sku"":""WIDGET-396"",""qty"":3,""price"":232679}]"	"{""method"": ""bank_transfer"", ""currency"": ""KRW"", ""amount"": 698037, ""status"": ""settled""}"	mobile
C917032	2025-03-28T01:14:43Z	"{""email"":""lee830@example.jp"",""country"":""JP"",""phone"":""+81-90-5273-7490""}"	"[{""sku"":""WIDGET-356"",""qty"":2,""price"":19001}]"	"{""method"": ""credit_card"", ""currency"": ""JPY"", ""amount"": 38002, ""status"": ""pending""}"	mobile
C911276	2025-03-28T01:02:31Z	"{""email"":""suzuki473@example.kr"",""country"":""KR"",""phone"":""+82-10-1108-2398""}"	"[{""sku"":""WIDGET-227"",""qty"":2,""price"":253983}]"	"{""method"": ""mobile_wallet"", ""currency"": ""KRW"", ""amount"": 507966, ""status"": ""pending""}"	tablet
C911276	2025-03-28T01:35:31Z	"{""email"":""suzuki473@example.kr"",""country"":""KR"",""phone"":""+82-10-1108-2398""}"	"[{""sku"":""WIDGET-227"",""qty"":2,""price"":253983}]"	"{""method"": ""mobile_wallet"", ""currency"": ""KRW"", ""amount"": 507966, ""status"": ""settled""}"	tablet
C918405	2025-03-28T01:20:03Z	"{""email"":""yamada6103@example.kr"",""country"":""KR"",""phone"":""+82-10-1837-4199""}"	"[{""sku"":""WIDGET-323"",""qty"":3,""price"":241513}]"	"{""method"": ""mobile_wallet"", ""currency"": ""KRW"", ""amount"": 724539, ""status"": ""completed""}"	mobile
C911814	2025-03-28T01:05:58Z	"{""email"":""suzuki5853@example.jp"",""country"":""JP"",""phone"":""+81-90-6800-8513""}"	"[{""sku"":""WIDGET-181"",""qty"":2,""price"":22115}]"	"{""method"": ""bank_transfer"", ""currency"": ""JPY"", ""amount"": 44230, ""status"": ""pending""}"	desktop
C911814	2025-03-28T01:14:58Z	"{""email"":""suzuki5853@example.jp"",""country"":""JP"",""phone"":""+81-90-6800-8513""}"	"[{""sku"":""WIDGET-181"",""qty"":2,""price"":22115}]"	"{""method"": ""bank_transfer"", ""currency"": ""JPY"", ""amount"": 44230, ""status"": ""completed""}"	desktop
C911837	2025-03-28T01:36:16Z	"{""email"":""kim4545@example.jp"",""country"":""JP"",""phone"":""+81-90-8096-7949""}"	"[{""sku"":""WIDGET-262"",""qty"":1,""price"":4457}]"	"{""method"": ""mobile_wallet"", ""currency"": ""JPY"", ""amount"": 4457, ""status"": ""pending""}"	mobile
C911837	2025-03-28T01:44:16Z	"{""email"":""kim4545@example.jp"",""country"":""JP"",""phone"":""+81-90-8096-7949""}"	"[{""sku"":""WIDGET-262"",""qty"":1,""price"":4457}]"	"{""method"": ""mobile_wallet"", ""currency"": ""JPY"", ""amount"": 4457, ""status"": ""completed""}"	mobile
C914270	2025-03-28T01:10:48Z	"{""email"":""park8600@example.kr"",""country"":""KR"",""phone"":""+82-10-3450-8435""}"	"[{""sku"":""WIDGET-225"",""qty"":4,""price"":256851}]"	"{""method"": ""bank_transfer"", ""currency"": ""KRW"", ""amount"": 1027404, ""status"": ""pending""}"	tablet
C911233	2025-03-28T01:35:00Z	"{""email"":""kim6843@example.kr"",""country"":""KR"",""phone"":""+82-10-1726-5662""}"	"[{""sku"":""WIDGET-313"",""qty"":1,""price"":57038}]"	"{""method"": ""mobile_wallet"", ""currency"": ""KRW"", ""amount"": 57038, ""status"": ""pending""}"	desktop
C911233	2025-03-28T01:38:00Z	"{""email"":""kim6843@example.kr"",""country"":""KR"",""phone"":""+82-10-1726-5662""}"	"[{""sku"":""WIDGET-313"",""qty"":1,""price"":57038}]"	"{""method"": ""mobile_wallet"", ""currency"": ""KRW"", ""amount"": 57038, ""status"": ""completed""}"	desktop
C912741	2025-03-28T01:45:50Z	"{""email"":""lee919@example.kr"",""country"":""KR"",""phone"":""+82-10-2093-4712""}"	"[{""sku"":""WIDGET-241"",""qty"":3,""price"":198206}]"	"{""method"": ""credit_card"", ""currency"": ""KRW"", ""amount"": 594618, ""status"": ""pending""}"	tablet
C909970	2025-03-28T01:00:44Z	"{""email"":""suzuki5902@example.kr"",""country"":""KR"",""phone"":""+82-10-6637-6329""}"	"[{""sku"":""WIDGET-202"",""qty"":2,""price"":263843}]"	"{""method"": ""bank_transfer"", ""currency"": ""KRW"", ""amount"": 527686, ""status"": ""pending""}"	mobile
C915768	2025-03-28T01:17:35Z	"{""email"":""kim2825@example.jp"",""country"":""JP"",""phone"":""+81-90-8170-6130""}"	"[{""sku"":""WIDGET-221"",""qty"":5,""price"":5687}]"	"{""method"": ""credit_card"", ""currency"": ""JPY"", ""amount"": 28435, ""status"": ""completed""}"	desktop
C909175	2025-03-28T01:50:14Z	"{""email"":""yamada1129@example.kr"",""country"":""KR"",""phone"":""+82-10-1579-7210""}"	"[{""sku"":""WIDGET-268"",""qty"":4,""price"":159938}]"	"{""method"": ""credit_card"", ""currency"": ""KRW"", ""amount"": 639752, ""status"": ""pending""}"	mobile
C911860	2025-03-28T01:44:09Z	"{""email"":""lee3301@example.jp"",""country"":""JP"",""phone"":""+81-90-2021-4585""}"	"[{""sku"":""WIDGET-381"",""qty"":1,""price"":19852}]"	"{""method"": ""bank_transfer"", ""currency"": ""JPY"", ""amount"": 19852, ""status"": ""pending""}"	mobile
C911004	2025-03-28T01:55:10Z	"{""email"":""kim5158@example.kr"",""country"":""KR"",""phone"":""+82-10-8371-3996""}"	"[{""sku"":""WIDGET-299"",""qty"":5,""price"":240041}]"	"{""method"": ""mobile_wallet"", ""currency"": ""KRW"", ""amount"": 1200205, ""status"": ""pending""}"	desktop
C911650	2025-03-28T01:00:43Z	"{""email"":""lee2218@example.kr"",""country"":""KR"",""phone"":""+82-10-2586-9492""}"	"[{""sku"":""WIDGET-262"",""qty"":4,""price"":180346}]"	"{""method"": ""bank_transfer"", ""currency"": ""KRW"", ""amount"": 721384, ""status"": ""pending""}"	desktop
C911650	2025-03-28T01:11:43Z	"{""email"":""lee2218@example.kr"",""country"":""KR"",""phone"":""+82-10-2586-9492""}"	"[{""sku"":""WIDGET-262"",""qty"":4,""price"":180346}]"	"{""method"": ""bank_transfer"", ""currency"": ""KRW"", ""amount"": 721384, ""status"": ""completed""}"	desktop
C918410	2025-03-28T01:18:26Z	"{""email"":""lee4949@example.jp"",""country"":""JP"",""phone"":""+81-90-1098-8822""}"	"[{""sku"":""WIDGET-391"",""qty"":1,""price"":12452}]"	"{""method"": ""bank_transfer"", ""currency"": ""JPY"", ""amount"": 12452, ""status"": ""completed""}"	desktop
C908227	2025-03-28T01:34:30Z	"{""email"":""yamada7172@example.jp"",""country"":""JP"",""phone"":""+81-90-4988-5059""}"	"[{""sku"":""WIDGET-311"",""qty"":4,""price"":2810}]"	"{""method"": ""bank_transfer"", ""currency"": ""JPY"", ""amount"": 11240, ""status"": ""completed""}"	tablet
C909198	2025-03-28T01:57:57Z	"{""email"":""kim4042@example.kr"",""country"":""KR"",""phone"":""+82-10-7894-7726""}"	"[{""sku"":""WIDGET-104"",""qty"":3,""price"":86222}]"	"{""method"": ""bank_transfer"", ""currency"": ""KRW"", ""amount"": 258666, ""status"": ""pending""}"	tablet
C914635	2025-03-28T01:58:06Z	"{""email"":""kim657@example.kr"",""country"":""KR"",""phone"":""+82-10-7930-5548""}"	"[{""sku"":""WIDGET-257"",""qty"":3,""price"":251621}]"	"{""method"": ""mobile_wallet"", ""currency"": ""KRW"", ""amount"": 754863, ""status"": ""pending""}"	desktop
C908174	2025-03-28T01:24:21Z	"{""email"":""tanaka4222@example.kr"",""country"":""KR"",""phone"":""+82-10-1122-9950""}"	"[{""sku"":""WIDGET-176"",""qty"":2,""price"":203497}]"	"{""method"": ""bank_transfer"", ""currency"": ""KRW"", ""amount"": 406994, ""status"": ""pending""}"	tablet
C908174	2025-03-28T01:34:21Z	"{""email"":""tanaka4222@example.kr"",""country"":""KR"",""phone"":""+82-10-1122-9950""}"	"[{""sku"":""WIDGET-176"",""qty"":2,""price"":203497}]"	"{""method"": ""bank_transfer"", ""currency"": ""KRW"", ""amount"": 406994, ""status"": ""completed""}"	tablet
C911129	2025-03-28T01:00:58Z	"{""email"":""yamada5011@example.jp"",""country"":""JP"",""phone"":""+81-90-6148-5946""}"	"[{""sku"":""WIDGET-147"",""qty"":1,""price"":24249}]"	"{""method"": ""mobile_wallet"", ""currency"": ""JPY"", ""amount"": 24249, ""status"": ""pending""}"	desktop
C911129	2025-03-28T01:30:58Z	"{""email"":""yamada5011@example.jp"",""country"":""JP"",""phone"":""+81-90-6148-5946""}"	"[{""sku"":""WIDGET-147"",""qty"":1,""price"":24249}]"	"{""method"": ""mobile_wallet"", ""currency"": ""JPY"", ""amount"": 24249, ""status"": ""settled""}"	desktop
C917093	2025-03-28T01:46:02Z	"{""email"":""park958@example.jp"",""country"":""JP"",""phone"":""+81-90-1397-7713""}"	"[{""sku"":""WIDGET-133"",""qty"":4,""price"":20962}]"	"{""method"": ""credit_card"", ""currency"": ""JPY"", ""amount"": 83848, ""status"": ""completed""}"	desktop
C917093	2025-03-28T01:57:02Z	"{""email"":""park958@example.jp"",""country"":""JP"",""phone"":""+81-90-1397-7713""}"	"[{""sku"":""WIDGET-133"",""qty"":4,""price"":20962}]"	"{""method"": ""credit_card"", ""currency"": ""JPY"", ""amount"": 83848, ""status"": ""settled""}"	desktop
C913496	2025-03-28T01:10:19Z	"{""email"":""lee7668@example.jp"",""country"":""JP"",""phone"":""+81-90-8262-8100""}"	"[{""sku"":""WIDGET-148"",""qty"":5,""price"":5749}]"	"{""method"": ""credit_card"", ""currency"": ""JPY"", ""amount"": 28745, ""status"": ""completed""}"	mobile
C917226	2025-03-28T01:22:29Z	"{""email"":""tanaka3554@example.kr"",""country"":""KR"",""phone"":""+82-10-7685-3987""}"	"[{""sku"":""WIDGET-148"",""qty"":4,""price"":110965}]"	"{""method"": ""bank_transfer"", ""currency"": ""KRW"", ""amount"": 443860, ""status"": ""completed""}"	desktop
C915681	2025-03-28T01:30:43Z	"{""email"":""park3464@example.jp"",""country"":""JP"",""phone"":""+81-90-7921-3906""}"	"[{""sku"":""WIDGET-189"",""qty"":2,""price"":16230}]"	"{""method"": ""mobile_wallet"", ""currency"": ""JPY"", ""amount"": 32460, ""status"": ""completed""}"	mobile
C918512	2025-03-28T01:30:13Z	"{""email"":""yamada4498@example.jp"",""country"":""JP"",""phone"":""+81-90-2749-8759""}"	"[{""sku"":""WIDGET-294"",""qty"":4,""price"":29771}]"	"{""method"": ""credit_card"", ""currency"": ""JPY"", ""amount"": 119084, ""status"": ""pending""}"	desktop
C916326	2025-03-28T01:29:16Z	"{""email"":""lee3983@example.jp"",""country"":""JP"",""phone"":""+81-90-6762-7113""}"	"[{""sku"":""WIDGET-314"",""qty"":2,""price"":4142}]"	"{""method"": ""credit_card"", ""currency"": ""JPY"", ""amount"": 8284, ""status"": ""pending""}"	tablet
C916326	2025-03-28T01:32:16Z	"{""email"":""lee3983@example.jp"",""country"":""JP"",""phone"":""+81-90-6762-7113""}"	"[{""sku"":""WIDGET-314"",""qty"":2,""price"":4142}]"	"{""method"": ""credit_card"", ""currency"": ""JPY"", ""amount"": 8284, ""status"": ""completed""}"	tablet
C914396	2025-03-28T01:07:18Z	"{""email"":""kim9798@example.kr"",""country"":""KR"",""phone"":""+82-10-9036-1004""}"	"[{""sku"":""WIDGET-219"",""qty"":5,""price"":23817}]"	"{""method"": ""credit_card"", ""currency"": ""KRW"", ""amount"": 119085, ""status"": ""pending""}"	mobile
C914396	2025-03-28T01:19:18Z	"{""email"":""kim9798@example.kr"",""country"":""KR"",""phone"":""+82-10-9036-1004""}"	"[{""sku"":""WIDGET-219"",""qty"":5,""price"":23817}]"	"{""method"": ""credit_card"", ""currency"": ""KRW"", ""amount"": 119085, ""status"": ""completed""}"	mobile
C913145	2025-03-28T01:41:52Z	"{""email"":""suzuki8192@example.jp"",""country"":""JP"",""phone"":""+81-90-7726-4069""}"	"[{""sku"":""WIDGET-376"",""qty"":2,""price"":23924}]"	"{""method"": ""credit_card"", ""currency"": ""JPY"", ""amount"": 47848, ""status"": ""pending""}"	desktop
C910634	2025-03-28T01:00:14Z	"{""email"":""suzuki8105@example.jp"",""country"":""JP"",""phone"":""+81-90-8633-3141""}"	"[{""sku"":""WIDGET-383"",""qty"":1,""price"":23807}]"	"{""method"": ""credit_card"", ""currency"": ""JPY"", ""amount"": 23807, ""status"": ""settled""}"	desktop
C916013	2025-03-28T01:09:17Z	"{""email"":""park9615@example.kr"",""country"":""KR"",""phone"":""+82-10-1689-2527""}"	"[{""sku"":""WIDGET-224"",""qty"":1,""price"":153309}]"	"{""method"": ""mobile_wallet"", ""currency"": ""KRW"", ""amount"": 153309, ""status"": ""settled""}"	mobile
C911742	2025-03-28T01:48:24Z	"{""email"":""suzuki4013@example.jp"",""country"":""JP"",""phone"":""+81-90-2825-2747""}"	"[{""sku"":""WIDGET-263"",""qty"":2,""price"":8913}]"	"{""method"": ""bank_transfer"", ""currency"": ""JPY"", ""amount"": 17826, ""status"": ""completed""}"	tablet
C913187	2025-03-28T01:39:34Z	"{""email"":""lee8799@example.kr"",""country"":""KR"",""phone"":""+82-10-3592-3719""}"	"[{""sku"":""WIDGET-129"",""qty"":5,""price"":16098}]"	"{""method"": ""bank_transfer"", ""currency"": ""KRW"", ""amount"": 80490, ""status"": ""completed""}"	tablet
C917947	2025-03-28T01:10:03Z	"{""email"":""tanaka2081@example.jp"",""country"":""JP"",""phone"":""+81-90-6610-9527""}"	"[{""sku"":""WIDGET-179"",""qty"":4,""price"":9302}]"	"{""method"": ""mobile_wallet"", ""currency"": ""JPY"", ""amount"": 37208, ""status"": ""pending""}"	mobile
C917947	2025-03-28T01:22:03Z	"{""email"":""tanaka2081@example.jp"",""country"":""JP"",""phone"":""+81-90-6610-9527""}"	"[{""sku"":""WIDGET-179"",""qty"":4,""price"":9302}]"	"{""method"": ""mobile_wallet"", ""currency"": ""JPY"", ""amount"": 37208, ""status"": ""completed""}"	mobile
C911134	2025-03-28T01:26:50Z	"{""email"":""tanaka5040@example.jp"",""country"":""JP"",""phone"":""+81-90-6795-3455""}"	"[{""sku"":""WIDGET-191"",""qty"":5,""price"":29834}]"	"{""method"": ""credit_card"", ""currency"": ""JPY"", ""amount"": 149170, ""status"": ""settled""}"	desktop
C908797	2025-03-28T01:10:08Z	"{""email"":""suzuki5794@example.jp"",""country"":""JP"",""phone"":""+81-90-4224-5462""}"	"[{""sku"":""WIDGET-198"",""qty"":3,""price"":1244}]"	"{""method"": ""credit_card"", ""currency"": ""JPY"", ""amount"": 3732, ""status"": ""pending""}"	tablet
C908797	2025-03-28T01:13:08Z	"{""email"":""suzuki5794@example.jp"",""country"":""JP"",""phone"":""+81-90-4224-5462""}"	"[{""sku"":""WIDGET-198"",""qty"":3,""price"":1244}]"	"{""method"": ""credit_card"", ""currency"": ""JPY"", ""amount"": 3732, ""status"": ""completed""}"	tablet
C915335	2025-03-28T01:06:39Z	"{""email"":""lee6698@example.kr"",""country"":""KR"",""phone"":""+82-10-6044-9495""}"	"[{""sku"":""WIDGET-269"",""qty"":2,""price"":129718}]"	"{""method"": ""bank_transfer"", ""currency"": ""KRW"", ""amount"": 259436, ""status"": ""pending""}"	desktop
C917322	2025-03-28T01:44:22Z	"{""email"":""park2563@example.kr"",""country"":""KR"",""phone"":""+82-10-1916-2302""}"	"[{""sku"":""WIDGET-191"",""qty"":4,""price"":188022}]"	"{""method"": ""mobile_wallet"", ""currency"": ""KRW"", ""amount"": 752088, ""status"": ""pending""}"	mobile
C917322	2025-03-28T01:51:22Z	"{""email"":""park2563@example.kr"",""country"":""KR"",""phone"":""+82-10-1916-2302""}"	"[{""sku"":""WIDGET-191"",""qty"":4,""price"":188022}]"	"{""method"": ""mobile_wallet"", ""currency"": ""KRW"", ""amount"": 752088, ""status"": ""completed""}"	mobile
C914701	2025-03-28T01:30:48Z	"{""email"":""kim1517@example.jp"",""country"":""JP"",""phone"":""+81-90-8910-6113""}"	"[{""sku"":""WIDGET-147"",""qty"":2,""price"":4333}]"	"{""method"": ""credit_card"", ""currency"": ""JPY"", ""amount"": 8666, ""status"": ""completed""}"	mobile
C910985	2025-03-28T01:13:58Z	"{""email"":""suzuki561@example.kr"",""country"":""KR"",""phone"":""+82-10-5211-4338""}"	"[{""sku"":""WIDGET-285"",""qty"":1,""price"":106589}]"	"{""method"": ""mobile_wallet"", ""currency"": ""KRW"", ""amount"": 106589, ""status"": ""pending""}"	mobile
C910985	2025-03-28T01:24:58Z	"{""email"":""suzuki561@example.kr"",""country"":""KR"",""phone"":""+82-10-5211-4338""}"	"[{""sku"":""WIDGET-285"",""qty"":1,""price"":106589}]"	"{""method"": ""mobile_wallet"", ""currency"": ""KRW"", ""amount"": 106589, ""status"": ""completed""}"	mobile
C914817	2025-03-28T01:40:02Z	"{""email"":""yamada1255@example.kr"",""country"":""KR"",""phone"":""+82-10-6634-9007""}"	"[{""sku"":""WIDGET-313"",""qty"":3,""price"":135552}]"	"{""method"": ""bank_transfer"", ""currency"": ""KRW"", ""amount"": 406656, ""status"": ""pending""}"	mobile
C914180	2025-03-28T01:20:31Z	"{""email"":""yamada4643@example.kr"",""country"":""KR"",""phone"":""+82-10-1492-7093""}"	"[{""sku"":""WIDGET-347"",""qty"":1,""price"":122698}]"	"{""method"": ""bank_transfer"", ""currency"": ""KRW"", ""amount"": 122698, ""status"": ""pending""}"	tablet
C916640	2025-03-28T01:24:33Z	"{""email"":""suzuki3118@example.kr"",""country"":""KR"",""phone"":""+82-10-1872-1589""}"	"[{""sku"":""WIDGET-232"",""qty"":2,""price"":38690}]"	"{""method"": ""credit_card"", ""currency"": ""KRW"", ""amount"": 77380, ""status"": ""pending""}"	tablet
C916640	2025-03-28T01:30:33Z	"{""email"":""suzuki3118@example.kr"",""country"":""KR"",""phone"":""+82-10-1872-1589""}"	"[{""sku"":""WIDGET-232"",""qty"":2,""price"":38690}]"	"{""method"": ""credit_card"", ""currency"": ""KRW"", ""amount"": 77380, ""status"": ""completed""}"	tablet
C911032	2025-03-28T01:14:44Z	"{""email"":""kim1519@example.jp"",""country"":""JP"",""phone"":""+81-90-9497-4753""}"	"[{""sku"":""WIDGET-153"",""qty"":4,""price"":8564}]"	"{""method"": ""mobile_wallet"", ""currency"": ""JPY"", ""amount"": 34256, ""status"": ""pending""}"	mobile
C911032	2025-03-28T01:19:44Z	"{""email"":""kim1519@example.jp"",""country"":""JP"",""phone"":""+81-90-9497-4753""}"	"[{""sku"":""WIDGET-153"",""qty"":4,""price"":8564}]"	"{""method"": ""mobile_wallet"", ""currency"": ""JPY"", ""amount"": 34256, ""status"": ""completed""}"	mobile
C911009	2025-03-28T01:38:34Z	"{""email"":""tanaka4972@example.kr"",""country"":""KR"",""phone"":""+82-10-2099-7335""}"	"[{""sku"":""WIDGET-306"",""qty"":5,""price"":195302}]"	"{""method"": ""mobile_wallet"", ""currency"": ""KRW"", ""amount"": 976510, ""status"": ""pending""}"	mobile
C911009	2025-03-28T01:42:34Z	"{""email"":""tanaka4972@example.kr"",""country"":""KR"",""phone"":""+82-10-2099-7335""}"	"[{""sku"":""WIDGET-306"",""qty"":5,""price"":195302}]"	"{""method"": ""mobile_wallet"", ""currency"": ""KRW"", ""amount"": 976510, ""status"": ""completed""}"	mobile
C912663	2025-03-28T01:19:02Z	"{""email"":""suzuki7342@example.kr"",""country"":""KR"",""phone"":""+82-10-3534-3339""}"	"[{""sku"":""WIDGET-131"",""qty"":5,""price"":39884}]"	"{""method"": ""mobile_wallet"", ""currency"": ""KRW"", ""amount"": 199420, ""status"": ""completed""}"	mobile
C917997	2025-03-28T01:45:08Z	"{""email"":""lee2540@example.kr"",""country"":""KR"",""phone"":""+82-10-1886-5856""}"	"[{""sku"":""WIDGET-180"",""qty"":3,""price"":97723}]"	"{""method"": ""mobile_wallet"", ""currency"": ""KRW"", ""amount"": 293169, ""status"": ""pending""}"	tablet
C912491	2025-03-28T01:55:40Z	"{""email"":""park8019@example.jp"",""country"":""JP"",""phone"":""+81-90-4749-1849""}"	"[{""sku"":""WIDGET-184"",""qty"":3,""price"":24260}]"	"{""method"": ""credit_card"", ""currency"": ""JPY"", ""amount"": 72780, ""status"": ""pending""}"	tablet
C910476	2025-03-28T01:15:16Z	"{""email"":""suzuki3398@example.kr"",""country"":""KR"",""phone"":""+82-10-8986-7005""}"	"[{""sku"":""WIDGET-398"",""qty"":1,""price"":205961}]"	"{""method"": ""bank_transfer"", ""currency"": ""KRW"", ""amount"": 205961, ""status"": ""settled""}"	desktop
C918717	2025-03-28T01:31:52Z	"{""email"":""yamada4640@example.jp"",""country"":""JP"",""phone"":""+81-90-2013-1746""}"	"[{""sku"":""WIDGET-313"",""qty"":5,""price"":16238}]"	"{""method"": ""mobile_wallet"", ""currency"": ""JPY"", ""amount"": 81190, ""status"": ""pending""}"	mobile
C915073	2025-03-28T01:39:40Z	"{""email"":""suzuki4993@example.jp"",""country"":""JP"",""phone"":""+81-90-5231-9552""}"	"[{""sku"":""WIDGET-383"",""qty"":5,""price"":10084}]"	"{""method"": ""mobile_wallet"", ""currency"": ""JPY"", ""amount"": 50420, ""status"": ""pending""}"	mobile
C910610	2025-03-28T01:12:24Z	"{""email"":""park1138@example.kr"",""country"":""KR"",""phone"":""+82-10-4759-1992""}"	"[{""sku"":""WIDGET-375"",""qty"":2,""price"":235243}]"	"{""method"": ""mobile_wallet"", ""currency"": ""KRW"", ""amount"": 470486, ""status"": ""pending""}"	tablet
C910610	2025-03-28T01:35:24Z	"{""email"":""park1138@example.kr"",""country"":""KR"",""phone"":""+82-10-4759-1992""}"	"[{""sku"":""WIDGET-375"",""qty"":2,""price"":235243}]"	"{""method"": ""mobile_wallet"", ""currency"": ""KRW"", ""amount"": 470486, ""status"": ""settled""}"	tablet
C916130	2025-03-28T01:11:16Z	"{""email"":""suzuki5825@example.kr"",""country"":""KR"",""phone"":""+82-10-3335-2388""}"	"[{""sku"":""WIDGET-172"",""qty"":5,""price"":61319}]"	"{""method"": ""mobile_wallet"", ""currency"": ""KRW"", ""amount"": 306595, ""status"": ""completed""}"	mobile
C912419	2025-03-28T01:26:31Z	"{""email"":""lee3121@example.jp"",""country"":""JP"",""phone"":""+81-90-6391-3858""}"	"[{""sku"":""WIDGET-305"",""qty"":5,""price"":22767}]"	"{""method"": ""credit_card"", ""currency"": ""JPY"", ""amount"": 113835, ""status"": ""pending""}"	mobile
C912876	2025-03-28T01:31:45Z	"{""email"":""park532@example.jp"",""country"":""JP"",""phone"":""+81-90-5060-1649""}"	"[{""sku"":""WIDGET-187"",""qty"":2,""price"":23919}]"	"{""method"": ""bank_transfer"", ""currency"": ""JPY"", ""amount"": 47838, ""status"": ""pending""}"	mobile
C912876	2025-03-28T01:38:45Z	"{""email"":""park532@example.jp"",""country"":""JP"",""phone"":""+81-90-5060-1649""}"	"[{""sku"":""WIDGET-187"",""qty"":2,""price"":23919}]"	"{""method"": ""bank_transfer"", ""currency"": ""JPY"", ""amount"": 47838, ""status"": ""completed""}"	mobile
C914732	2025-03-28T01:05:27Z	"{""email"":""park7866@example.kr"",""country"":""KR"",""phone"":""+82-10-5300-9680""}"	"[{""sku"":""WIDGET-205"",""qty"":1,""price"":253265}]"	"{""method"": ""bank_transfer"", ""currency"": ""KRW"", ""amount"": 253265, ""status"": ""completed""}"	tablet
C910226	2025-03-28T01:04:15Z	"{""email"":""lee7030@example.kr"",""country"":""KR"",""phone"":""+82-10-1832-8377""}"	"[{""sku"":""WIDGET-163"",""qty"":5,""price"":32174}]"	"{""method"": ""credit_card"", ""currency"": ""KRW"", ""amount"": 160870, ""status"": ""settled""}"	desktop
C914316	2025-03-28T01:12:25Z	"{""email"":""kim2065@example.jp"",""country"":""JP"",""phone"":""+81-90-9637-3675""}"	"[{""sku"":""WIDGET-323"",""qty"":5,""price"":4744}]"	"{""method"": ""credit_card"", ""currency"": ""JPY"", ""amount"": 23720, ""status"": ""pending""}"	mobile
C914316	2025-03-28T01:36:25Z	"{""email"":""kim2065@example.jp"",""country"":""JP"",""phone"":""+81-90-9637-3675""}"	"[{""sku"":""WIDGET-323"",""qty"":5,""price"":4744}]"	"{""method"": ""credit_card"", ""currency"": ""JPY"", ""amount"": 23720, ""status"": ""settled""}"	mobile
C915101	2025-03-28T01:17:35Z	"{""email"":""lee5619@example.kr"",""country"":""KR"",""phone"":""+82-10-1839-2084""}"	"[{""sku"":""WIDGET-128"",""qty"":5,""price"":97712}]"	"{""method"": ""mobile_wallet"", ""currency"": ""KRW"", ""amount"": 488560, ""status"": ""pending""}"	mobile
C915101	2025-03-28T01:26:35Z	"{""email"":""lee5619@example.kr"",""country"":""KR"",""phone"":""+82-10-1839-2084""}"	"[{""sku"":""WIDGET-128"",""qty"":5,""price"":97712}]"	"{""method"": ""mobile_wallet"", ""currency"": ""KRW"", ""amount"": 488560, ""status"": ""completed""}"	mobile
C916042	2025-03-28T01:14:34Z	"{""email"":""lee1592@example.jp"",""country"":""JP"",""phone"":""+81-90-4709-5654""}"	"[{""sku"":""WIDGET-236"",""qty"":5,""price"":29157}]"	"{""method"": ""bank_transfer"", ""currency"": ""JPY"", ""amount"": 145785, ""status"": ""pending""}"	tablet
C916042	2025-03-28T01:25:34Z	"{""email"":""lee1592@example.jp"",""country"":""JP"",""phone"":""+81-90-4709-5654""}"	"[{""sku"":""WIDGET-236"",""qty"":5,""price"":29157}]"	"{""method"": ""bank_transfer"", ""currency"": ""JPY"", ""amount"": 145785, ""status"": ""completed""}"	tablet
C915947	2025-03-28T01:00:04Z	"{""email"":""yamada1220@example.jp"",""country"":""JP"",""phone"":""+81-90-4086-8698""}"	"[{""sku"":""WIDGET-155"",""qty"":1,""price"":4187}]"	"{""method"": ""mobile_wallet"", ""currency"": ""JPY"", ""amount"": 4187, ""status"": ""settled""}"	mobile
C918565	2025-03-28T01:09:46Z	"{""email"":""yamada2961@example.jp"",""country"":""JP"",""phone"":""+81-90-9131-4653""}"	"[{""sku"":""WIDGET-151"",""qty"":4,""price"":29633}]"	"{""method"": ""mobile_wallet"", ""currency"": ""JPY"", ""amount"": 118532, ""status"": ""pending""}"	mobile
C918565	2025-03-28T01:28:46Z	"{""email"":""yamada2961@example.jp"",""country"":""JP"",""phone"":""+81-90-9131-4653""}"	"[{""sku"":""WIDGET-151"",""qty"":4,""price"":29633}]"	"{""method"": ""mobile_wallet"", ""currency"": ""JPY"", ""amount"": 118532, ""status"": ""settled""}"	mobile
