order_id,order_date,email,product_sku,quantity,unit_price,total_amount,payment_method,store_id,promo_code,discount_pct,loyalty_points
US530259,03/08/2025,maria.miller1948@gmail.com,GADGET-76,4,198.65,794.6,paypal,STORE_110,,,
US536708,03/08/2025,john.jones1225@yahoo.com,GADGET-35,5,113.91,569.55,paypal,STORE_102,,,
US541243,03/08/2025,alex.miller4004@outlook.com,GADGET-66,5,184.9,785.82,bank_transfer,STORE_115,WELCOME15,15.0,150.0
US532661,03/08/2025,alex.jones1283@yahoo.com,GADGET-68,5,221.08,1105.4,bank_transfer,STORE_115,,,
US536937,03/08/2025,alex.brown5695@yahoo.com,GADGET-15,2,108.72,184.82,credit_card,STORE_112,WELCOME15,15.0,150.0
US528351,03/08/2025,chris.brown3537@yahoo.com,GADGET-22,1,92.48,92.48,credit_card,STORE_116,,,
US533873,03/08/2025,lisa.jones4738@outlook.com,GADGET-61,2,267.41,481.34,bank_transfer,STORE_110,SAVE10,10.0,100.0
US538891,03/08/2025,john.williams3086@gmail.com,GADGET-03,1,241.11,192.89,apple_pay,STORE_116,SAVE20,20.0,200.0
US537710,03/08/2025,john.jones9018@email.com,GADGET-13,4,204.86,819.44,credit_card,STORE_119,,,
US533446,03/08/2025,sam.brown4811@outlook.com,GADGET-68,1,141.09,119.93,bank_transfer,STORE_119,WELCOME15,15.0,150.0
US535139,03/08/2025,alex.miller7809@outlook.com,GADGET-24,4,155.72,560.59,google_pay,STORE_111,SAVE10,10.0,100.0
US538011,03/08/2025,david.williams1913@email.com,GADGET-18,5,177.95,889.75,apple_pay,STORE_105,,,
US539731,03/08/2025,sam.williams8235@outlook.com,GADGET-05,3,121.09,363.27,paypal,STORE_103,,,
US531247,03/08/2025,chris.jones3701@yahoo.com,GADGET-57,4,174.64,698.56,credit_card,STORE_117,,,
US536589,03/08/2025,jane.brown5951@yahoo.com,GADGET-39,4,220.34,881.36,credit_card,STORE_112,,,
US533866,03/08/2025,chris.jones6580@yahoo.com,GADGET-53,1,197.43,197.43,credit_card,STORE_117,,,
US530312,03/08/2025,maria.miller309@outlook.com,GADGET-07,2,44.4,71.04,google_pay,STORE_102,SAVE20,20.0,200.0
US540995,03/08/2025,sam.miller6870@outlook.com,GADGET-49,4,248.09,843.51,credit_card,STORE_115,WELCOME15,15.0,150.0
US536808,03/08/2025,john.johnson1768@email.com,GADGET-15,4,125.43,501.72,paypal,STORE_114,,,
US534289,03/08/2025,john.brown3540@gmail.com,GADGET-17,4,58.04,232.16,google_pay,STORE_111,,,
US534059,03/08/2025,alex.johnson7913@gmail.com,GADGET-15,5,203.99,1019.95,google_pay,STORE_104,,,
US529971,03/08/2025,lisa.brown6387@email.com,GADGET-19,1,121.92,91.44,credit_card,STORE_118,VIP25,25.0,250.0
US532125,03/08/2025,alex.williams9288@gmail.com,GADGET-49,4,77.31,262.85,credit_card,STORE_105,WELCOME15,15.0,150.0
US529721,03/08/2025,maria.williams9857@email.com,GADGET-45,2,104.28,208.56,apple_pay,STORE_115,,,
US538618,03/08/2025,sam.johnson380@email.com,GADGET-12,1,75.05,75.05,google_pay,STORE_103,,,
US540827,03/08/2025,john.johnson4646@outlook.com,GADGET-72,3,92.35,277.05,apple_pay,STORE_104,,,
US533997,03/08/2025,maria.smith1785@email.com,GADGET-12,1,23.9,23.9,apple_pay,STORE_107,,,
US530511,03/08/2025,jane.smith5696@email.com,GADGET-14,5,103.59,517.95,paypal,STORE_116,,,
US533533,03/08/2025,jane.williams6243@gmail.com,GADGET-32,1,178.37,142.7,google_pay,STORE_114,SAVE20,20.0,200.0
US530849,03/08/2025,chris.jones9255@gmail.com,GADGET-39,1,35.6,35.6,paypal,STORE_109,,,
US537352,03/08/2025,alex.johnson9501@outlook.com,GADGET-20,2,231.19,369.9,google_pay,STORE_111,SAVE20,20.0,200.0
US527489,03/08/2025,chris.williams9302@email.com,GADGET-32,2,50.36,100.72,google_pay,STORE_101,,,
US539998,03/08/2025,jane.williams5069@yahoo.com,GADGET-75,4,79.29,269.59,apple_pay,STORE_117,WELCOME15,15.0,150.0
US538904,03/08/2025,david.johnson2721@gmail.com,GADGET-55,5,196.99,984.95,apple_pay,STORE_119,,,
US533126,03/08/2025,david.brown1740@outlook.com,GADGET-17,1,184.04,156.43,credit_card,STORE_106,WELCOME15,15.0,150.0
US536169,03/08/2025,lisa.smith1246@email.com,GADGET-25,5,113.6,568.0,google_pay,STORE_108,,,
US540705,03/08/2025,david.brown6160@yahoo.com,GADGET-03,2,198.93,397.86,google_pay,STORE_106,,,
US539181,03/08/2025,alex.brown6253@email.com,GADGET-41,1,253.16,253.16,apple_pay,STORE_108,,,
US540799,03/08/2025,david.jones708@email.com,GADGET-38,5,70.6,353.0,credit_card,STORE_115,,,
US536855,03/08/2025,john.smith6185@outlook.com,GADGET-46,2,170.1,340.2,bank_transfer,STORE_101,,,
US530296,03/08/2025,chris.miller238@yahoo.com,GADGET-51,1,274.05,274.05,paypal,STORE_116,,,
US536055,03/08/2025,maria.williams3281@outlook.com,GADGET-24,5,123.68,494.72,bank_transfer,STORE_110,SAVE20,20.0,200.0
US528386,03/08/2025,chris.smith1520@outlook.com,GADGET-30,5,53.15,225.89,apple_pay,STORE_111,WELCOME15,15.0,150.0
US538091,03/08/2025,lisa.brown2448@yahoo.com,GADGET-72,3,176.45,449.95,apple_pay,STORE_117,WELCOME15,15.0,150.0
US541190,03/08/2025,david.williams3487@email.com,GADGET-46,2,87.52,175.04,google_pay,STORE_119,,,
US527504,03/08/2025,john.brown5155@email.com,GADGET-69,4,72.3,289.2,apple_pay,STORE_102,,,
US531115,03/08/2025,john.brown206@yahoo.com,GADGET-68,2,286.84,516.31,bank_transfer,STORE_117,SAVE10,10.0,100.0
US537270,03/08/2025,john.smith9694@email.com,GADGET-48,3,139.53,418.59,credit_card,STORE_117,,,
US540723,03/08/2025,alex.johnson7490@email.com,GADGET-60,5,121.24,454.65,paypal,STORE_103,VIP25,25.0,250.0
US539948,03/08/2025,lisa.miller6992@gmail.com,GADGET-42,4,117.49,469.96,paypal,STORE_115,,,
US528736,03/08/2025,alex.johnson2057@yahoo.com,GADGET-46,2,103.25,206.5,credit_card,STORE_114,,,
US534550,03/08/2025,maria.smith6431@gmail.com,GADGET-05,1,290.32,232.26,credit_card,STORE_105,SAVE20,20.0,200.0
US539631,03/08/2025,lisa.jones5025@yahoo.com,GADGET-37,2,237.5,403.75,paypal,STORE_112,WELCOME15,15.0,150.0
US537064,03/08/2025,sam.smith2489@yahoo.com,GADGET-67,4,296.13,1184.52,bank_transfer,STORE_107,,,
US538812,03/08/2025,maria.jones9073@yahoo.com,GADGET-53,3,280.63,841.89,credit_card,STORE_109,,,
US534937,03/08/2025,david.johnson7596@yahoo.com,GADGET-47,5,153.82,769.1,google_pay,STORE_103,,,
US541391,03/08/2025,john.miller3916@email.com,GADGET-61,1,239.87,239.87,paypal,STORE_103,,,
US530882,03/08/2025,john.jones1486@yahoo.com,GADGET-37,2,81.83,147.29,bank_transfer,STORE_115,SAVE10,10.0,100.0
US527447,03/08/2025,david.smith8912@outlook.com,GADGET-28,1,191.39,191.39,paypal,STORE_117,,,
US534715,03/08/2025,david.smith3403@yahoo.com,GADGET-10,4,250.31,1001.24,apple_pay,STORE_103,,,
US539272,03/08/2025,alex.smith1985@yahoo.com,GADGET-41,1,161.96,121.47,credit_card,STORE_103,VIP25,25.0,250.0
US535835,03/08/2025,lisa.jones871@gmail.com,GADGET-77,3,27.3,81.9,bank_transfer,STORE_103,,,
US537324,03/08/2025,david.miller6582@outlook.com,GADGET-01,4,298.31,1193.24,apple_pay,STORE_101,,,
US539518,03/08/2025,maria.johnson9935@outlook.com,GADGET-19,1,113.45,113.45,credit_card,STORE_110,,,
US531547,03/08/2025,sam.brown7027@outlook.com,GADGET-74,2,184.8,369.6,bank_transfer,STORE_102,,,
US538828,03/08/2025,maria.brown2251@yahoo.com,GADGET-11,3,214.2,642.6,paypal,STORE_104,,,
US540273,03/08/2025,alex.jones1876@email.com,GADGET-73,1,107.3,107.3,paypal,STORE_115,,,
US537665,03/08/2025,chris.johnson8743@yahoo.com,GADGET-78,2,63.9,127.8,bank_transfer,STORE_105,,,
US534129,03/08/2025,sam.miller1431@email.com,GADGET-43,4,179.45,574.24,google_pay,STORE_103,SAVE20,20.0,200.0
US539066,03/08/2025,maria.brown4612@gmail.com,GADGET-32,4,32.94,131.76,google_pay,STORE_102,,,
US528620,03/08/2025,sam.brown8428@email.com,GADGET-61,2,51.76,103.52,paypal,STORE_116,,,
US531340,03/08/2025,sam.johnson7527@email.com,GADGET-05,3,59.89,179.67,paypal,STORE_112,,,
US532861,03/08/2025,chris.miller6322@outlook.com,GADGET-33,1,176.33,176.33,google_pay,STORE_110,,,
US539380,03/08/2025,jane.williams5414@outlook.com,GADGET-59,2,23.62,47.24,apple_pay,STORE_110,,,
US530004,03/08/2025,chris.brown6558@yahoo.com,GADGET-55,2,117.17,234.34,apple_pay,STORE_119,,,
US535397,03/08/2025,jane.smith3135@gmail.com,GADGET-27,1,200.92,160.74,bank_transfer,STORE_119,SAVE20,20.0,200.0
US534470,03/08/2025,sam.smith9962@email.com,GADGET-39,1,286.1,286.1,apple_pay,STORE_106,,,
US536175,03/08/2025,john.johnson8328@yahoo.com,GADGET-71,3,95.78,244.24,google_pay,STORE_108,WELCOME15,15.0,150.0
US532506,03/08/2025,maria.brown9092@gmail.com,GADGET-43,2,41.98,83.96,bank_transfer,STORE_109,,,
US527882,03/08/2025,alex.williams5454@yahoo.com,GADGET-31,5,115.83,434.36,google_pay,STORE_118,VIP25,25.0,250.0
US534003,03/08/2025,lisa.jones9990@yahoo.com,GADGET-25,5,161.6,808.0,credit_card,STORE_120,,,
US534036,03/08/2025,lisa.brown8371@email.com,GADGET-30,4,193.74,581.22,apple_pay,STORE_115,VIP25,25.0,250.0
US532277,03/08/2025,alex.johnson2561@outlook.com,GADGET-25,4,271.45,1085.8,google_pay,STORE_109,,,
US538048,03/08/2025,lisa.miller6123@email.com,GADGET-10,1,68.59,54.87,apple_pay,STORE_101,SAVE20,20.0,200.0
US528261,03/08/2025,jane.smith5991@yahoo.com,GADGET-23,5,27.59,137.95,paypal,STORE_101,,,
US539132,03/08/2025,david.williams401@yahoo.com,GADGET-54,4,278.39,1113.56,google_pay,STORE_109,,,
US539527,03/08/2025,chris.jones419@yahoo.com,GADGET-25,4,145.01,464.03,credit_card,STORE_119,SAVE20,20.0,200.0
US531369,03/08/2025,alex.brown2760@email.com,GADGET-62,1,80.79,80.79,google_pay,STORE_120,,,
US532168,03/08/2025,john.brown5343@outlook.com,GADGET-78,2,172.18,258.27,google_pay,STORE_112,VIP25,25.0,250.0
US528215,03/08/2025,maria.johnson6172@outlook.com,GADGET-08,3,288.98,866.94,apple_pay,STORE_103,,,
US530623,03/08/2025,alex.brown7188@gmail.com,GADGET-77,3,212.71,638.13,google_pay,STORE_110,,,
US529131,03/08/2025,jane.smith3021@email.com,GADGET-60,4,22.75,91.0,credit_card,STORE_118,,,
US536223,03/08/2025,alex.williams1574@email.com,GADGET-34,5,113.16,509.22,google_pay,STORE_120,SAVE10,10.0,100.0
US538349,03/08/2025,alex.brown1930@outlook.com,GADGET-76,5,86.51,432.55,credit_card,STORE_111,,,
US530749,03/08/2025,chris.johnson2964@email.com,GADGET-51,4,254.78,764.34,bank_transfer,STORE_120,VIP25,25.0,250.0
US538579,03/08/2025,lisa.johnson8469@gmail.com,GADGET-19,2,283.68,425.52,bank_transfer,STORE_104,VIP25,25.0,250.0
US539107,03/08/2025,david.miller8671@gmail.com,GADGET-05,1,296.28,296.28,apple_pay,STORE_109,,,
US535388,03/08/2025,maria.johnson7263@gmail.com,GADGET-73,4,134.6,538.4,bank_transfer,STORE_114,,,
US536753,03/08/2025,john.smith3126@gmail.com,GADGET-05,2,102.84,205.68,bank_transfer,STORE_114,,,
US537032,03/08/2025,john.miller3232@gmail.com,GADGET-66,5,115.28,518.76,bank_transfer,STORE_120,SAVE10,10.0,100.0
US530323,03/08/2025,jane.smith8585@yahoo.com,GADGET-13,3,54.59,163.77,apple_pay,STORE_109,,,
US538442,03/08/2025,jane.miller2850@yahoo.com,GADGET-45,3,46.68,126.04,google_pay,STORE_117,SAVE10,10.0,100.0
US529076,03/08/2025,jane.smith4485@yahoo.com,GADGET-32,5,258.34,1291.7,bank_transfer,STORE_118,,,
US535319,03/08/2025,jane.miller8464@gmail.com,GADGET-20,2,168.93,337.86,paypal,STORE_117,,,
US540108,03/08/2025,sam.smith4194@gmail.com,GADGET-68,1,242.87,206.44,paypal,STORE_111,WELCOME15,15.0,150.0
US535708,03/08/2025,alex.johnson9855@outlook.com,GADGET-71,5,130.46,652.3,bank_transfer,STORE_115,,,
US536777,03/08/2025,chris.smith3459@yahoo.com,GADGET-09,2,152.61,305.22,credit_card,STORE_109,,,
US541281,03/08/2025,chris.jones9969@email.com,GADGET-07,1,144.28,108.21,apple_pay,STORE_108,VIP25,25.0,250.0
US535538,03/08/2025,chris.smith204@outlook.com,GADGET-44,4,271.4,1085.6,bank_transfer,STORE_112,,,
US528353,03/08/2025,sam.williams6596@email.com,GADGET-49,4,58.35,233.4,bank_transfer,STORE_106,,,
US527801,03/08/2025,alex.smith3286@gmail.com,GADGET-45,4,29.82,119.28,paypal,STORE_120,,,
US528509,03/08/2025,maria.johnson701@email.com,GADGET-50,4,113.36,453.44,apple_pay,STORE_119,,,
US539267,03/08/2025,sam.jones6842@gmail.com,GADGET-63,5,120.77,603.85,google_pay,STORE_106,,,
US530730,03/08/2025,chris.miller287@email.com,GADGET-10,4,233.43,933.72,google_pay,STORE_115,,,
US533646,03/08/2025,sam.brown8801@yahoo.com,GADGET-57,1,129.37,129.37,credit_card,STORE_106,,,
US535442,03/08/2025,maria.brown4504@gmail.com,GADGET-63,5,250.36,1064.03,google_pay,STORE_105,WELCOME15,15.0,150.0
US539972,03/08/2025,lisa.jones3729@yahoo.com,GADGET-38,2,22.32,44.64,apple_pay,STORE_105,,,
US527716,03/08/2025,david.smith4322@email.com,GADGET-29,4,187.04,748.16,apple_pay,STORE_109,,,
US529865,03/08/2025,maria.brown6127@gmail.com,GADGET-17,3,30.47,91.41,credit_card,STORE_116,,,
US537970,03/08/2025,alex.williams6839@gmail.com,GADGET-47,3,73.64,187.78,credit_card,STORE_111,WELCOME15,15.0,150.0
US529877,03/08/2025,jane.miller4163@gmail.com,GADGET-10,5,49.77,248.85,google_pay,STORE_106,,,
US535761,03/08/2025,jane.smith5479@email.com,GADGET-03,3,64.46,145.03,credit_card,STORE_108,VIP25,25.0,250.0
US532931,03/08/2025,maria.miller2502@outlook.com,GADGET-12,3,153.61,460.83,bank_transfer,STORE_117,,,
US537955,03/08/2025,sam.williams2568@gmail.com,GADGET-41,3,56.3,168.9,bank_transfer,STORE_101,,,
US529517,03/08/2025,sam.smith7431@outlook.com,GADGET-21,5,164.97,824.85,bank_transfer,STORE_105,,,
US533273,03/08/2025,john.johnson3522@email.com,GADGET-02,5,233.66,1051.47,credit_card,STORE_103,SAVE10,10.0,100.0
US533325,03/08/2025,maria.brown3742@gmail.com,GADGET-09,2,228.84,457.68,paypal,STORE_105,,,
US539326,03/08/2025,john.smith4930@outlook.com,GADGET-67,1,255.23,255.23,apple_pay,STORE_120,,,
US536746,03/08/2025,alex.johnson8159@outlook.com,GADGET-51,2,95.54,191.08,google_pay,STORE_116,,,
US538037,03/08/2025,sam.brown7903@outlook.com,GADGET-51,4,257.92,876.93,google_pay,STORE_104,WELCOME15,15.0,150.0
US536929,03/08/2025,jane.smith4244@outlook.com,GADGET-26,5,195.68,880.56,paypal,STORE_106,SAVE10,10.0,100.0
US530595,03/08/2025,lisa.smith1441@email.com,GADGET-03,3,264.2,792.6,paypal,STORE_112,,,
US535545,03/08/2025,jane.miller1152@email.com,GADGET-27,4,153.23,612.92,bank_transfer,STORE_106,,,
US530169,03/08/2025,david.smith4032@email.com,GADGET-17,4,86.88,347.52,google_pay,STORE_111,,,
US538480,03/08/2025,jane.jones7385@outlook.com,GADGET-44,4,79.61,238.83,paypal,STORE_107,VIP25,25.0,250.0
US537525,03/08/2025,john.jones6867@yahoo.com,GADGET-30,5,250.06,1250.3,bank_transfer,STORE_119,,,
US537059,03/08/2025,alex.smith7909@gmail.com,GADGET-09,4,297.32,1010.89,paypal,STORE_109,WELCOME15,15.0,150.0
US531669,03/08/2025,jane.johnson6366@outlook.com,GADGET-41,3,291.39,874.17,credit_card,STORE_102,,,
US540175,03/08/2025,maria.smith1382@outlook.com,GADGET-47,2,182.46,364.92,bank_transfer,STORE_113,,,
US540332,03/08/2025,sam.brown5222@outlook.com,GADGET-30,2,113.72,227.44,paypal,STORE_115,,,
US534691,03/08/2025,david.johnson9299@email.com,GADGET-20,1,245.74,245.74,credit_card,STORE_118,,,
US533280,03/08/2025,sam.jones3048@yahoo.com,GADGET-76,1,162.78,122.09,bank_transfer,STORE_116,VIP25,25.0,250.0
US537995,03/08/2025,alex.miller2007@yahoo.com,GADGET-49,2,198.25,297.38,credit_card,STORE_113,VIP25,25.0,250.0
US529519,03/08/2025,david.williams196@email.com,GADGET-54,2,254.33,508.66,google_pay,STORE_110,,,
US535701,03/08/2025,david.miller9406@outlook.com,GADGET-14,3,244.79,734.37,apple_pay,STORE_103,,,
US531065,03/08/2025,lisa.miller2649@yahoo.com,GADGET-13,2,220.12,440.24,credit_card,STORE_101,,,
US540754,03/08/2025,lisa.brown9503@email.com,GADGET-45,2,277.3,415.95,apple_pay,STORE_109,VIP25,25.0,250.0
US534950,03/08/2025,john.johnson5636@outlook.com,GADGET-38,4,248.21,992.84,paypal,STORE_108,,,
US531634,03/08/2025,chris.williams211@yahoo.com,GADGET-22,4,138.8,555.2,credit_card,STORE_110,,,
US535599,03/08/2025,maria.jones1553@yahoo.com,GADGET-54,4,282.92,1131.68,apple_pay,STORE_115,,,
US538179,03/08/2025,lisa.miller5634@gmail.com,GADGET-34,2,299.0,598.0,google_pay,STORE_101,,,
US529117,03/08/2025,alex.brown7213@outlook.com,GADGET-25,5,67.65,304.43,paypal,STORE_108,SAVE10,10.0,100.0
US540890,03/08/2025,jane.williams5907@gmail.com,GADGET-21,3,193.6,580.8,credit_card,STORE_108,,,
US531361,03/08/2025,lisa.miller6037@email.com,GADGET-59,4,134.14,536.56,apple_pay,STORE_104,,,
US534101,03/08/2025,john.brown311@gmail.com,GADGET-51,4,201.03,804.12,paypal,STORE_103,,,
US534039,03/08/2025,john.johnson2224@yahoo.com,GADGET-23,2,67.6,135.2,paypal,STORE_116,,,
US536321,03/08/2025,alex.brown5623@email.com,GADGET-10,5,235.61,1178.05,paypal,STORE_106,,,
US539533,03/08/2025,jane.miller5285@outlook.com,GADGET-04,5,275.74,1378.7,credit_card,STORE_112,,,
US529704,03/08/2025,jane.miller3674@email.com,GADGET-03,4,64.45,257.8,apple_pay,STORE_114,,,
US530966,03/08/2025,lisa.smith4623@outlook.com,GADGET-11,2,50.67,101.34,paypal,STORE_101,,,
US536991,03/08/2025,lisa.williams5060@gmail.com,GADGET-46,1,41.94,41.94,google_pay,STORE_120,,,
US534479,03/08/2025,jane.brown3864@outlook.com,GADGET-13,1,37.1,27.83,google_pay,STORE_101,VIP25,25.0,250.0
US538333,03/08/2025,lisa.miller5992@gmail.com,GADGET-48,3,45.43,136.29,google_pay,STORE_109,,,
US535287,03/08/2025,chris.jones5834@yahoo.com,GADGET-38,3,245.67,589.61,paypal,STORE_109,SAVE20,20.0,200.0
US531085,03/08/2025,sam.jones126@email.com,GADGET-31,5,61.1,305.5,google_pay,STORE_111,,,
US535006,03/08/2025,chris.smith3515@outlook.com,GADGET-11,5,197.9,989.5,bank_transfer,STORE_108,,,
US528272,03/08/2025,sam.williams3107@gmail.com,GADGET-25,4,215.26,861.04,google_pay,STORE_102,,,
US528243,03/08/2025,maria.williams2641@outlook.com,GADGET-07,3,249.66,748.98,apple_pay,STORE_111,,,
US531264,03/08/2025,david.smith9741@outlook.com,GADGET-35,4,246.13,984.52,google_pay,STORE_116,,,
US534905,03/08/2025,maria.jones7008@yahoo.com,GADGET-59,3,81.96,245.88,google_pay,STORE_111,,,
US529842,03/08/2025,alex.smith6361@yahoo.com,GADGET-78,1,39.76,39.76,bank_transfer,STORE_112,,,
US528796,03/08/2025,david.jones8823@yahoo.com,GADGET-37,1,290.51,290.51,credit_card,STORE_115,,,
US528996,03/08/2025,chris.brown4275@email.com,GADGET-10,5,53.96,269.8,paypal,STORE_107,,,
US527755,03/08/2025,john.williams1054@email.com,GADGET-60,4,225.43,901.72,paypal,STORE_111,,,
US531906,03/08/2025,chris.johnson67@outlook.com,GADGET-64,3,279.98,629.96,credit_card,STORE_109,VIP25,25.0,250.0
US538379,03/08/2025,sam.johnson2296@email.com,GADGET-76,1,222.98,222.98,bank_transfer,STORE_108,,,
US534100,03/08/2025,jane.smith550@yahoo.com,GADGET-40,2,219.97,395.95,bank_transfer,STORE_120,SAVE10,10.0,100.0
US537991,03/08/2025,sam.williams1872@outlook.com,GADGET-54,2,104.23,156.34,credit_card,STORE_102,VIP25,25.0,250.0
US541174,03/08/2025,chris.jones2036@yahoo.com,GADGET-21,1,216.49,216.49,apple_pay,STORE_105,,,
US536038,03/08/2025,chris.johnson4902@email.com,GADGET-70,4,185.49,741.96,paypal,STORE_115,,,
US537344,03/08/2025,sam.williams3935@yahoo.com,GADGET-47,1,54.82,54.82,paypal,STORE_120,,,
US539645,03/08/2025,jane.jones7919@yahoo.com,GADGET-69,5,229.02,1145.1,apple_pay,STORE_113,,,
US527592,03/08/2025,jane.jones5408@gmail.com,GADGET-08,3,267.28,601.38,apple_pay,STORE_107,VIP25,25.0,250.0
US539363,03/08/2025,maria.smith410@yahoo.com,GADGET-54,5,257.83,1289.15,bank_transfer,STORE_105,,,
US531537,03/08/2025,lisa.smith8568@gmail.com,GADGET-54,5,255.77,1087.02,google_pay,STORE_108,WELCOME15,15.0,150.0
US532022,03/08/2025,john.brown8067@yahoo.com,GADGET-18,3,119.73,359.19,paypal,STORE_105,,,
US539396,03/08/2025,sam.jones2424@email.com,GADGET-46,5,218.65,1093.25,paypal,STORE_104,,,
US534797,03/08/2025,david.johnson1058@outlook.com,GADGET-72,2,112.24,224.48,apple_pay,STORE_117,,,
US528405,03/08/2025,lisa.miller2079@email.com,GADGET-71,2,185.16,314.77,bank_transfer,STORE_109,WELCOME15,15.0,150.0
US533041,03/08/2025,jane.smith4720@yahoo.com,GADGET-56,1,237.02,237.02,bank_transfer,STORE_107,,,
US539582,03/08/2025,maria.johnson7597@email.com,GADGET-38,5,229.17,1145.85,paypal,STORE_111,,,
US531618,03/08/2025,sam.smith9016@outlook.com,GADGET-67,2,85.44,170.88,bank_transfer,STORE_113,,,
US529315,03/08/2025,chris.brown6431@email.com,GADGET-41,3,276.04,828.12,bank_transfer,STORE_102,,,
US538192,03/08/2025,john.johnson3070@email.com,GADGET-56,1,93.88,93.88,google_pay,STORE_110,,,
US534526,03/08/2025,alex.williams6983@email.com,GADGET-26,2,152.03,304.06,google_pay,STORE_112,,,
US536665,03/08/2025,sam.miller8885@outlook.com,GADGET-01,5,157.82,670.73,apple_pay,STORE_103,WELCOME15,15.0,150.0
US537807,03/08/2025,david.brown9036@outlook.com,GADGET-73,5,45.15,225.75,bank_transfer,STORE_120,,,
US541175,03/08/2025,maria.johnson2195@yahoo.com,GADGET-51,1,74.62,74.62,paypal,STORE_116,,,
US533304,03/08/2025,sam.williams5934@gmail.com,GADGET-47,4,105.49,421.96,paypal,STORE_104,,,
US536467,03/08/2025,alex.miller7260@gmail.com,GADGET-27,2,167.58,335.16,credit_card,STORE_115,,,
US531119,03/08/2025,john.jones7407@email.com,GADGET-09,4,87.21,348.84,apple_pay,STORE_104,,,
US533990,03/08/2025,maria.johnson1761@outlook.com,GADGET-49,3,96.46,289.38,credit_card,STORE_113,,,
US533913,03/08/2025,john.brown6398@gmail.com,GADGET-30,3,174.53,523.59,google_pay,STORE_120,,,
US540654,03/08/2025,alex.miller1497@email.com,GADGET-14,1,101.35,101.35,google_pay,STORE_119,,,
US529964,03/08/2025,sam.williams9527@yahoo.com,GADGET-03,4,226.99,907.96,paypal,STORE_113,,,
US533338,03/08/2025,alex.miller6321@gmail.com,GADGET-78,1,180.59,180.59,bank_transfer,STORE_115,,,
US529918,03/08/2025,lisa.brown4463@email.com,GADGET-62,2,68.61,137.22,credit_card,STORE_105,,,
US536787,03/08/2025,maria.smith6378@outlook.com,GADGET-45,2,151.18,226.77,paypal,STORE_110,VIP25,25.0,250.0
US534435,03/08/2025,lisa.brown1030@gmail.com,GADGET-70,5,131.74,494.03,apple_pay,STORE_110,VIP25,25.0,250.0
US528445,03/08/2025,alex.johnson3656@outlook.com,GADGET-33,4,63.89,255.56,apple_pay,STORE_109,,,
US532214,03/08/2025,sam.johnson8655@email.com,GADGET-67,2,52.7,105.4,apple_pay,STORE_117,,,
US532972,03/08/2025,maria.williams8142@outlook.com,GADGET-56,1,239.64,191.71,apple_pay,STORE_106,SAVE20,20.0,200.0
US539909,03/08/2025,maria.williams194@outlook.com,GADGET-29,4,73.0,292.0,bank_transfer,STORE_116,,,
US530732,03/08/2025,sam.brown5843@email.com,GADGET-66,2,258.39,516.78,apple_pay,STORE_111,,,
US539303,03/08/2025,david.jones9699@gmail.com,GADGET-09,4,99.17,357.01,paypal,STORE_105,SAVE10,10.0,100.0
US527414,03/08/2025,jane.smith102@outlook.com,GADGET-66,3,26.04,78.12,credit_card,STORE_101,,,
US536925,03/08/2025,john.williams172@outlook.com,GADGET-11,1,220.95,220.95,google_pay,STORE_119,,,
US536888,03/08/2025,chris.brown9856@outlook.com,GADGET-42,2,219.1,438.2,bank_transfer,STORE_120,,,
US540424,03/08/2025,john.miller298@email.com,GADGET-37,3,166.88,500.64,bank_transfer,STORE_110,,,
US532314,03/08/2025,alex.johnson2317@email.com,GADGET-49,3,210.73,632.19,google_pay,STORE_113,,,
US534210,03/08/2025,maria.smith3351@email.com,GADGET-64,3,180.63,433.51,credit_card,STORE_108,SAVE20,20.0,200.0
US530145,03/08/2025,chris.smith4929@yahoo.com,GADGET-11,2,204.3,408.6,credit_card,STORE_103,,,
US541098,03/08/2025,jane.williams9085@outlook.com,GADGET-07,4,231.58,833.69,bank_transfer,STORE_111,SAVE10,10.0,100.0
US529567,03/08/2025,alex.brown4079@email.com,GADGET-62,4,268.55,913.07,apple_pay,STORE_104,WELCOME15,15.0,150.0
US541253,03/08/2025,john.brown4598@yahoo.com,GADGET-37,2,141.19,254.14,apple_pay,STORE_113,SAVE10,10.0,100.0
US528087,03/08/2025,david.williams1025@outlook.com,GADGET-13,5,290.91,1454.55,paypal,STORE_112,,,
US540338,03/08/2025,alex.johnson3684@email.com,GADGET-63,2,168.26,269.22,credit_card,STORE_119,SAVE20,20.0,200.0
US533235,03/08/2025,chris.jones786@yahoo.com,GADGET-49,1,277.63,235.99,paypal,STORE_120,WELCOME15,15.0,150.0
US536454,03/08/2025,alex.jones7364@yahoo.com,GADGET-15,3,282.83,763.64,bank_transfer,STORE_106,SAVE10,10.0,100.0
US528602,03/08/2025,sam.smith1960@email.com,GADGET-46,5,233.98,994.41,bank_transfer,STORE_114,WELCOME15,15.0,150.0
US532729,03/08/2025,alex.smith3452@yahoo.com,GADGET-38,4,72.38,217.14,bank_transfer,STORE_107,VIP25,25.0,250.0
US535222,03/08/2025,jane.williams6309@outlook.com,GADGET-72,1,195.66,195.66,google_pay,STORE_112,,,
US535950,03/08/2025,maria.jones3444@outlook.com,GADGET-48,3,280.28,672.67,credit_card,STORE_108,SAVE20,20.0,200.0
US533664,03/08/2025,john.johnson8433@email.com,GADGET-78,2,232.07,394.52,credit_card,STORE_102,WELCOME15,15.0,150.0
US540268,03/08/2025,maria.smith5285@outlook.com,GADGET-53,1,182.94,137.2,credit_card,STORE_114,VIP25,25.0,250.0
US534904,03/08/2025,chris.jones3672@outlook.com,GADGET-55,5,275.64,1378.2,google_pay,STORE_113,,,
US539269,03/08/2025,sam.brown8061@outlook.com,GADGET-09,4,90.12,360.48,credit_card,STORE_115,,,
US538879,03/08/2025,jane.johnson9322@gmail.com,GADGET-59,5,201.99,1009.95,bank_transfer,STORE_117,,,
US531504,03/08/2025,david.williams7789@outlook.com,GADGET-26,5,240.25,1201.25,bank_transfer,STORE_107,,,
US533484,03/08/2025,john.smith995@outlook.com,GADGET-06,4,288.68,981.51,apple_pay,STORE_108,WELCOME15,15.0,150.0
US533412,03/08/2025,sam.miller4465@email.com,GADGET-61,5,103.23,516.15,bank_transfer,STORE_109,,,
US540444,03/08/2025,sam.johnson2393@email.com,GADGET-53,5,48.98,244.9,google_pay,STORE_111,,,
US534843,03/08/2025,lisa.williams1761@email.com,GADGET-72,1,212.57,212.57,paypal,STORE_110,,,
US533450,03/08/2025,maria.miller3408@email.com,GADGET-46,5,263.15,1315.75,bank_transfer,STORE_106,,,
US540806,03/08/2025,alex.smith7538@outlook.com,GADGET-67,3,80.69,242.07,google_pay,STORE_103,,,
US528006,03/08/2025,sam.johnson8428@outlook.com,GADGET-40,1,231.2,184.96,bank_transfer,STORE_107,SAVE20,20.0,200.0
US539704,03/08/2025,lisa.johnson1600@email.com,GADGET-50,5,151.05,755.25,apple_pay,STORE_102,,,
US528228,03/08/2025,lisa.jones4495@gmail.com,GADGET-76,5,176.36,881.8,paypal,STORE_112,,,
US529154,03/08/2025,jane.williams564@outlook.com,GADGET-27,1,75.82,64.45,paypal,STORE_119,WELCOME15,15.0,150.0
US531354,03/08/2025,david.miller5904@yahoo.com,GADGET-04,5,159.04,795.2,paypal,STORE_103,,,
US532014,03/08/2025,john.jones7069@yahoo.com,GADGET-13,4,167.22,535.1,paypal,STORE_109,SAVE20,20.0,200.0
US535920,03/08/2025,sam.smith1935@email.com,GADGET-47,4,78.21,312.84,paypal,STORE_107,,,
US534549,03/08/2025,john.miller8935@gmail.com,GADGET-49,4,142.49,569.96,paypal,STORE_114,,,
US540033,03/08/2025,maria.smith8222@email.com,GADGET-01,2,21.92,43.84,google_pay,STORE_111,,,
US527634,03/08/2025,jane.williams7363@outlook.com,GADGET-45,1,162.76,162.76,paypal,STORE_107,,,
US528688,03/08/2025,maria.jones9374@yahoo.com,GADGET-13,3,149.16,447.48,credit_card,STORE_101,,,
US538190,03/08/2025,jane.johnson4279@outlook.com,GADGET-77,5,62.62,313.1,bank_transfer,STORE_102,,,
US528337,03/08/2025,john.williams737@yahoo.com,GADGET-54,1,90.56,90.56,bank_transfer,STORE_102,,,
US534935,03/08/2025,jane.miller7101@outlook.com,GADGET-32,4,146.83,587.32,google_pay,STORE_102,,,
US531398,03/08/2025,jane.williams8483@yahoo.com,GADGET-23,2,55.24,110.48,apple_pay,STORE_115,,,
US528988,03/08/2025,david.jones2507@yahoo.com,GADGET-25,2,140.2,280.4,paypal,STORE_116,,,
US531029,03/08/2025,chris.miller7668@gmail.com,GADGET-26,4,119.75,479.0,paypal,STORE_111,,,
US528081,03/08/2025,sam.williams7727@yahoo.com,GADGET-52,1,250.76,250.76,paypal,STORE_107,,,
US538075,03/08/2025,sam.brown350@outlook.com,GADGET-38,5,246.66,1233.3,bank_transfer,STORE_114,,,
US533370,03/08/2025,alex.williams3020@outlook.com,GADGET-28,2,41.69,83.38,apple_pay,STORE_106,,,
US527738,03/08/2025,lisa.smith1417@outlook.com,GADGET-10,3,245.6,626.28,apple_pay,STORE_117,WELCOME15,15.0,150.0
US536581,03/08/2025,alex.johnson7801@yahoo.com,GADGET-02,1,85.1,76.59,apple_pay,STORE_108,SAVE10,10.0,100.0
US534560,03/08/2025,maria.johnson4585@email.com,GADGET-74,2,262.83,420.53,google_pay,STORE_103,SAVE20,20.0,200.0
US537921,03/08/2025,lisa.miller3900@gmail.com,GADGET-18,1,117.1,105.39,credit_card,STORE_107,SAVE10,10.0,100.0
US528909,03/08/2025,chris.smith6417@gmail.com,GADGET-36,1,137.27,137.27,credit_card,STORE_106,,,
US531538,03/08/2025,chris.miller5040@email.com,GADGET-28,1,62.34,62.34,paypal,STORE_114,,,
US527315,03/08/2025,jane.williams5378@yahoo.com,GADGET-23,4,293.28,1173.12,bank_transfer,STORE_120,,,
US533110,03/08/2025,jane.brown888@email.com,GADGET-27,5,40.31,171.32,credit_card,STORE_117,WELCOME15,15.0,150.0
US529269,03/08/2025,sam.miller6248@outlook.com,GADGET-20,1,202.5,202.5,bank_transfer,STORE_115,,,
US538073,03/08/2025,john.williams6680@yahoo.com,GADGET-48,2,101.46,182.63,bank_transfer,STORE_110,SAVE10,10.0,100.0
US538619,03/08/2025,sam.johnson1378@outlook.com,GADGET-67,3,269.44,808.32,paypal,STORE_119,,,
US538885,03/08/2025,david.jones8856@gmail.com,GADGET-29,5,208.37,1041.85,paypal,STORE_119,,,
US536981,03/08/2025,john.jones9296@gmail.com,GADGET-03,2,75.92,129.06,google_pay,STORE_112,WELCOME15,15.0,150.0
US535947,03/08/2025,chris.miller16@email.com,GADGET-31,1,218.91,175.13,apple_pay,STORE_110,SAVE20,20.0,200.0
US540862,03/08/2025,chris.miller6707@yahoo.com,GADGET-12,3,267.44,802.32,credit_card,STORE_113,,,
US532844,03/08/2025,alex.jones503@outlook.com,GADGET-33,2,23.09,46.18,apple_pay,STORE_106,,,
US537866,03/08/2025,sam.brown1839@outlook.com,GADGET-02,2,55.6,88.96,credit_card,STORE_110,SAVE20,20.0,200.0
US528912,03/08/2025,sam.johnson2837@yahoo.com,GADGET-10,2,293.52,528.34,google_pay,STORE_106,SAVE10,10.0,100.0
US533681,03/08/2025,alex.jones6463@email.com,GADGET-18,4,235.35,753.12,apple_pay,STORE_110,SAVE20,20.0,200.0
US534523,03/08/2025,david.williams7068@email.com,GADGET-45,2,108.35,216.7,credit_card,STORE_118,,,
US539184,03/08/2025,alex.johnson5430@gmail.com,GADGET-15,1,135.05,135.05,paypal,STORE_102,,,
US531976,03/08/2025,sam.williams5112@gmail.com,GADGET-25,5,149.68,748.4,bank_transfer,STORE_101,,,
US533611,03/08/2025,alex.smith2097@gmail.com,GADGET-07,3,197.95,504.77,paypal,STORE_103,WELCOME15,15.0,150.0
US536121,03/08/2025,sam.brown6418@email.com,GADGET-64,2,112.6,225.2,apple_pay,STORE_101,,,
US530926,03/08/2025,chris.brown5596@outlook.com,GADGET-49,3,52.51,141.78,bank_transfer,STORE_116,SAVE10,10.0,100.0
US528783,03/08/2025,chris.brown9546@outlook.com,GADGET-26,4,290.85,1047.06,google_pay,STORE_117,SAVE10,10.0,100.0
US531262,03/08/2025,sam.miller4067@outlook.com,GADGET-21,4,136.27,436.06,google_pay,STORE_111,SAVE20,20.0,200.0
US533652,03/08/2025,maria.jones9315@email.com,GADGET-62,5,207.34,829.36,bank_transfer,STORE_106,SAVE20,20.0,200.0
US539913,03/08/2025,sam.williams6399@email.com,GADGET-42,1,294.02,294.02,paypal,STORE_109,,,
US527617,03/08/2025,chris.johnson2386@outlook.com,GADGET-33,3,175.12,525.36,paypal,STORE_105,,,
US539952,03/08/2025,alex.johnson7256@yahoo.com,GADGET-52,5,55.33,276.65,credit_card,STORE_107,,,
US537558,03/08/2025,sam.johnson3458@gmail.com,GADGET-08,4,231.71,926.84,apple_pay,STORE_108,,,
US527866,03/08/2025,alex.smith1930@yahoo.com,GADGET-57,1,25.05,25.05,paypal,STORE_116,,,
US535491,03/08/2025,jane.miller5532@outlook.com,GADGET-25,4,298.63,1194.52,google_pay,STORE_109,,,
US530672,03/08/2025,john.miller1880@gmail.com,GADGET-60,4,41.51,124.53,paypal,STORE_103,VIP25,25.0,250.0
US531679,03/08/2025,sam.jones3802@yahoo.com,GADGET-48,5,123.8,619.0,google_pay,STORE_112,,,
US538041,03/08/2025,lisa.williams3793@email.com,GADGET-09,1,21.07,21.07,bank_transfer,STORE_112,,,
US533956,03/08/2025,john.johnson6635@email.com,GADGET-08,2,50.81,101.62,paypal,STORE_115,,,
US529657,03/08/2025,alex.miller8787@outlook.com,GADGET-61,2,293.5,587.0,paypal,STORE_110,,,
US540138,03/08/2025,john.smith173@email.com,GADGET-25,1,270.29,216.23,apple_pay,STORE_101,SAVE20,20.0,200.0
US531423,03/08/2025,lisa.brown4167@gmail.com,GADGET-41,4,92.0,294.4,credit_card,STORE_118,SAVE20,20.0,200.0
US540503,03/08/2025,sam.smith6024@outlook.com,GADGET-16,1,107.25,91.16,credit_card,STORE_106,WELCOME15,15.0,150.0
US527696,03/08/2025,chris.williams4137@outlook.com,GADGET-43,3,137.79,310.03,apple_pay,STORE_106,VIP25,25.0,250.0
US541283,03/08/2025,lisa.jones9021@gmail.com,GADGET-06,2,216.41,432.82,bank_transfer,STORE_106,,,
US540580,03/08/2025,maria.brown730@outlook.com,GADGET-72,3,126.56,341.71,google_pay,STORE_109,SAVE10,10.0,100.0
US530083,03/08/2025,jane.jones8459@email.com,GADGET-35,2,117.66,235.32,apple_pay,STORE_101,,,
US530222,03/08/2025,maria.williams7166@outlook.com,GADGET-43,3,276.84,830.52,paypal,STORE_107,,,
US528744,03/08/2025,chris.johnson3384@email.com,GADGET-02,2,119.52,239.04,credit_card,STORE_107,,,
US528534,03/08/2025,lisa.johnson402@gmail.com,GADGET-74,1,59.2,59.2,google_pay,STORE_118,,,
US536860,03/08/2025,john.brown7827@gmail.com,GADGET-76,1,276.18,234.75,apple_pay,STORE_109,WELCOME15,15.0,150.0
US527558,03/08/2025,jane.williams4638@email.com,GADGET-47,3,274.76,824.28,credit_card,STORE_103,,,
US531191,03/08/2025,jane.miller5998@gmail.com,GADGET-61,1,129.61,129.61,apple_pay,STORE_104,,,
US539299,03/08/2025,david.miller3455@gmail.com,GADGET-47,5,190.87,715.76,paypal,STORE_109,VIP25,25.0,250.0
US539325,03/08/2025,david.miller3930@gmail.com,GADGET-23,5,193.27,724.76,credit_card,STORE_108,VIP25,25.0,250.0
US528614,03/08/2025,chris.smith9118@email.com,GADGET-71,5,91.47,457.35,paypal,STORE_118,,,
US532300,03/08/2025,jane.smith4551@yahoo.com,GADGET-66,5,217.29,869.16,bank_transfer,STORE_116,SAVE20,20.0,200.0
US540794,03/08/2025,john.jones1576@gmail.com,GADGET-01,1,72.25,72.25,paypal,STORE_114,,,
US540265,03/08/2025,jane.jones8002@email.com,GADGET-20,5,24.49,122.45,google_pay,STORE_103,,,
US534893,03/08/2025,jane.johnson2418@email.com,GADGET-12,5,215.28,1076.4,bank_transfer,STORE_104,,,
US528868,03/08/2025,alex.miller8989@email.com,GADGET-06,4,258.52,1034.08,google_pay,STORE_108,,,
US539585,03/08/2025,alex.jones6727@outlook.com,GADGET-30,5,186.37,792.07,paypal,STORE_110,WELCOME15,15.0,150.0
US540725,03/08/2025,jane.smith745@yahoo.com,GADGET-13,5,24.76,123.8,paypal,STORE_103,,,
US540670,03/08/2025,alex.williams4891@email.com,GADGET-70,5,85.45,427.25,google_pay,STORE_105,,,
US540462,03/08/2025,lisa.jones5575@outlook.com,GADGET-39,2,143.78,215.67,credit_card,STORE_101,VIP25,25.0,250.0
US538468,03/08/2025,maria.williams5550@outlook.com,GADGET-35,5,95.31,476.55,credit_card,STORE_105,,,
US527557,03/08/2025,jane.brown1413@yahoo.com,GADGET-60,5,161.54,807.7,google_pay,STORE_104,,,
US534553,03/08/2025,alex.jones22@outlook.com,GADGET-75,5,27.19,135.95,bank_transfer,STORE_103,,,
US541219,03/08/2025,jane.johnson7104@email.com,GADGET-23,2,89.63,161.33,google_pay,STORE_114,SAVE10,10.0,100.0
US538789,03/08/2025,chris.jones7122@gmail.com,GADGET-73,2,68.34,136.68,credit_card,STORE_107,,,
US534258,03/08/2025,sam.smith2052@yahoo.com,GADGET-43,1,104.74,104.74,paypal,STORE_118,,,
US540702,03/08/2025,lisa.williams5444@yahoo.com,GADGET-17,4,43.83,175.32,apple_pay,STORE_113,,,
US539743,03/08/2025,lisa.johnson7374@outlook.com,GADGET-35,2,63.43,126.86,paypal,STORE_118,,,
US540631,03/08/2025,lisa.jones9281@outlook.com,GADGET-57,5,114.46,429.22,bank_transfer,STORE_106,VIP25,25.0,250.0
US536836,03/08/2025,lisa.brown9192@email.com,GADGET-36,3,200.63,601.89,paypal,STORE_109,,,
US529466,03/08/2025,maria.smith2619@outlook.com,GADGET-70,5,150.73,753.65,bank_transfer,STORE_108,,,
US540375,03/08/2025,maria.miller8029@email.com,GADGET-06,2,168.49,336.98,credit_card,STORE_119,,,
US532696,03/08/2025,alex.williams1232@yahoo.com,GADGET-23,2,210.9,421.8,credit_card,STORE_120,,,
US535917,03/08/2025,chris.smith5569@outlook.com,GADGET-41,3,222.41,667.23,google_pay,STORE_111,,,
US528288,03/08/2025,jane.jones9028@yahoo.com,GADGET-79,3,79.46,238.38,credit_card,STORE_116,,,
US531702,03/08/2025,john.brown281@yahoo.com,GADGET-25,5,80.7,302.62,credit_card,STORE_117,VIP25,25.0,250.0
US538558,03/08/2025,david.williams5056@email.com,GADGET-28,2,144.73,289.46,credit_card,STORE_106,,,
US529118,03/08/2025,david.williams3810@yahoo.com,GADGET-64,2,178.72,357.44,paypal,STORE_101,,,
US533959,03/08/2025,alex.brown6975@yahoo.com,GADGET-36,1,27.93,27.93,bank_transfer,STORE_109,,,
US529939,03/08/2025,alex.jones8820@outlook.com,GADGET-31,5,207.96,1039.8,paypal,STORE_113,,,
US538213,03/08/2025,chris.williams7222@yahoo.com,GADGET-71,2,106.16,191.09,google_pay,STORE_114,SAVE10,10.0,100.0
US528525,03/08/2025,lisa.miller4113@yahoo.com,GADGET-45,1,104.33,93.9,paypal,STORE_116,SAVE10,10.0,100.0
US541052,03/08/2025,jane.smith3706@gmail.com,GADGET-42,5,132.56,662.8,apple_pay,STORE_116,,,
US535269,03/08/2025,alex.johnson4179@outlook.com,GADGET-04,4,51.42,154.26,credit_card,STORE_106,VIP25,25.0,250.0
US540384,03/08/2025,alex.johnson5641@outlook.com,GADGET-71,1,46.52,46.52,bank_transfer,STORE_105,,,
US530798,03/08/2025,john.miller5396@gmail.com,GADGET-72,2,142.35,284.7,credit_card,STORE_103,,,
US537787,03/08/2025,john.jones3627@email.com,GADGET-31,1,27.3,23.2,bank_transfer,STORE_101,WELCOME15,15.0,150.0
US527881,03/08/2025,john.smith1349@outlook.com,GADGET-07,4,69.13,276.52,google_pay,STORE_106,,,
US537488,03/08/2025,alex.johnson4571@email.com,GADGET-23,5,38.85,194.25,apple_pay,STORE_114,,,
US527386,03/08/2025,lisa.brown2517@yahoo.com,GADGET-07,4,71.8,244.12,google_pay,STORE_106,WELCOME15,15.0,150.0
US537590,03/08/2025,john.miller4359@gmail.com,GADGET-02,1,53.33,53.33,paypal,STORE_104,,,
US528803,03/08/2025,lisa.brown8060@outlook.com,GADGET-32,1,29.38,26.44,credit_card,STORE_119,SAVE10,10.0,100.0
US538986,03/08/2025,david.williams923@yahoo.com,GADGET-05,1,34.84,34.84,credit_card,STORE_119,,,
US538861,03/08/2025,sam.smith7577@outlook.com,GADGET-65,5,211.48,1057.4,apple_pay,STORE_118,,,
US539172,03/08/2025,jane.brown1899@outlook.com,GADGET-11,3,25.97,77.91,paypal,STORE_101,,,
US539613,03/08/2025,chris.johnson4456@email.com,GADGET-42,5,153.25,766.25,bank_transfer,STORE_110,,,
US530446,03/08/2025,maria.johnson6495@gmail.com,GADGET-71,2,173.77,347.54,bank_transfer,STORE_104,,,
US530909,03/08/2025,lisa.smith643@email.com,GADGET-73,1,281.77,211.33,credit_card,STORE_109,VIP25,25.0,250.0
US535000,03/08/2025,alex.miller2732@gmail.com,GADGET-74,2,143.8,287.6,paypal,STORE_116,,,
US535838,03/08/2025,john.williams9095@email.com,GADGET-46,5,284.69,1423.45,credit_card,STORE_119,,,
US540113,03/08/2025,maria.brown7744@gmail.com,GADGET-45,3,284.86,640.94,apple_pay,STORE_110,VIP25,25.0,250.0
US540003,03/08/2025,jane.williams4615@gmail.com,GADGET-27,1,153.51,153.51,paypal,STORE_101,,,
US533065,03/08/2025,maria.jones4661@outlook.com,GADGET-79,4,79.77,319.08,google_pay,STORE_114,,,
US540867,03/08/2025,maria.smith6080@gmail.com,GADGET-32,2,179.26,286.82,credit_card,STORE_118,SAVE20,20.0,200.0
US539812,03/08/2025,sam.johnson4996@outlook.com,GADGET-53,2,166.14,265.82,credit_card,STORE_114,SAVE20,20.0,200.0
US529746,03/08/2025,david.jones4495@outlook.com,GADGET-57,1,293.26,293.26,google_pay,STORE_105,,,
US541442,03/08/2025,jane.johnson5469@yahoo.com,GADGET-58,2,89.95,161.91,paypal,STORE_116,SAVE10,10.0,100.0
US541444,03/08/2025,chris.smith7926@email.com,GADGET-69,2,73.09,146.18,apple_pay,STORE_117,,,
US530969,03/08/2025,alex.williams4826@gmail.com,GADGET-48,3,220.41,661.23,paypal,STORE_115,,,
US541223,03/08/2025,john.jones7143@yahoo.com,GADGET-24,2,124.33,248.66,google_pay,STORE_111,,,
US536033,03/08/2025,maria.miller7394@yahoo.com,GADGET-57,2,149.6,299.2,paypal,STORE_106,,,
US529248,03/08/2025,chris.johnson5999@outlook.com,GADGET-63,3,231.21,693.63,credit_card,STORE_110,,,
US531651,03/08/2025,sam.miller2930@outlook.com,GADGET-33,5,232.44,1162.2,paypal,STORE_116,,,
US537850,03/08/2025,jane.williams6640@outlook.com,GADGET-03,5,47.8,239.0,credit_card,STORE_108,,,
US535837,03/08/2025,lisa.williams5945@outlook.com,GADGET-63,1,82.12,82.12,apple_pay,STORE_114,,,
US528952,03/08/2025,chris.brown7064@outlook.com,GADGET-07,4,79.01,316.04,credit_card,STORE_116,,,
US540363,03/08/2025,chris.williams9013@outlook.com,GADGET-33,1,206.32,206.32,bank_transfer,STORE_119,,,
US540813,03/08/2025,maria.johnson5144@email.com,GADGET-59,4,100.44,401.76,bank_transfer,STORE_101,,,
US531606,03/08/2025,lisa.jones3282@yahoo.com,GADGET-29,5,266.92,1334.6,credit_card,STORE_102,,,
US532174,03/08/2025,david.smith1592@gmail.com,GADGET-50,3,93.54,280.62,apple_pay,STORE_110,,,
US536342,03/08/2025,lisa.smith8996@outlook.com,GADGET-56,4,196.92,787.68,paypal,STORE_101,,,
US529683,03/08/2025,sam.williams761@email.com,GADGET-27,4,74.15,252.11,apple_pay,STORE_111,WELCOME15,15.0,150.0
US528951,03/08/2025,david.johnson8678@email.com,GADGET-50,4,46.05,184.2,paypal,STORE_106,,,
US528809,03/08/2025,david.williams245@yahoo.com,GADGET-05,3,230.35,518.29,apple_pay,STORE_110,VIP25,25.0,250.0
US540388,03/08/2025,david.brown9349@gmail.com,GADGET-75,4,62.05,186.15,apple_pay,STORE_101,VIP25,25.0,250.0
US537846,03/08/2025,john.smith974@yahoo.com,GADGET-34,4,24.59,88.52,google_pay,STORE_109,SAVE10,10.0,100.0
US532473,03/08/2025,jane.jones4488@email.com,GADGET-45,5,251.13,941.74,apple_pay,STORE_110,VIP25,25.0,250.0
US537999,03/08/2025,alex.jones8386@yahoo.com,GADGET-30,2,44.75,89.5,apple_pay,STORE_118,,,
US529261,03/08/2025,alex.johnson7521@gmail.com,GADGET-47,5,281.15,1405.75,apple_pay,STORE_115,,,
US535401,03/08/2025,sam.williams5144@yahoo.com,GADGET-51,2,243.66,487.32,paypal,STORE_101,,,
US540590,03/08/2025,david.brown814@outlook.com,GADGET-29,3,205.03,553.58,bank_transfer,STORE_112,SAVE10,10.0,100.0
US534474,03/08/2025,jane.johnson3283@outlook.com,GADGET-21,1,46.0,46.0,apple_pay,STORE_111,,,
US528985,03/08/2025,jane.johnson9740@email.com,GADGET-52,1,150.86,150.86,paypal,STORE_104,,,
US538665,03/08/2025,david.jones4778@email.com,GADGET-35,4,90.61,271.83,google_pay,STORE_120,VIP25,25.0,250.0
US534900,03/08/2025,lisa.jones282@yahoo.com,GADGET-20,4,123.1,492.4,apple_pay,STORE_104,,,
US538187,03/08/2025,alex.brown7963@outlook.com,GADGET-48,1,202.23,171.9,apple_pay,STORE_103,WELCOME15,15.0,150.0
US538634,03/08/2025,alex.smith6047@outlook.com,GADGET-18,4,190.55,762.2,bank_transfer,STORE_108,,,
US537278,03/08/2025,david.smith3423@outlook.com,GADGET-75,5,33.05,132.2,google_pay,STORE_102,SAVE20,20.0,200.0
US537383,03/08/2025,chris.jones4575@email.com,GADGET-41,5,227.04,1135.2,apple_pay,STORE_109,,,
US534407,03/08/2025,john.smith6407@yahoo.com,GADGET-26,4,262.51,1050.04,credit_card,STORE_118,,,
US529930,03/08/2025,alex.williams3887@gmail.com,GADGET-16,2,183.86,367.72,apple_pay,STORE_104,,,
US527454,03/08/2025,lisa.jones920@outlook.com,GADGET-49,3,194.18,466.03,apple_pay,STORE_113,SAVE20,20.0,200.0
US536519,03/08/2025,sam.johnson6060@gmail.com,GADGET-02,5,191.86,959.3,credit_card,STORE_103,,,
US530340,03/08/2025,lisa.brown1134@outlook.com,GADGET-32,5,238.28,1191.4,apple_pay,STORE_114,,,
US534788,03/08/2025,lisa.jones3625@outlook.com,GADGET-38,3,135.64,406.92,credit_card,STORE_109,,,
US528549,03/08/2025,john.johnson1377@email.com,GADGET-60,5,298.98,1494.9,paypal,STORE_101,,,
US529398,03/08/2025,lisa.smith9619@email.com,GADGET-20,5,71.98,359.9,paypal,STORE_109,,,
US537125,03/08/2025,john.williams7043@outlook.com,GADGET-44,4,108.69,434.76,paypal,STORE_112,,,
US539343,03/08/2025,john.jones492@gmail.com,GADGET-58,5,286.99,1291.46,apple_pay,STORE_113,SAVE10,10.0,100.0
US532232,03/08/2025,alex.jones9401@gmail.com,GADGET-63,1,64.51,51.61,credit_card,STORE_113,SAVE20,20.0,200.0
US533893,03/08/2025,maria.brown2307@yahoo.com,GADGET-67,3,87.18,209.23,google_pay,STORE_108,SAVE20,20.0,200.0
US527320,03/08/2025,sam.jones6434@gmail.com,GADGET-39,5,299.36,1496.8,paypal,STORE_119,,,
US534263,03/08/2025,chris.miller8230@yahoo.com,GADGET-71,4,34.33,137.32,credit_card,STORE_102,,,
US534369,03/08/2025,john.jones290@yahoo.com,GADGET-38,3,80.6,241.8,apple_pay,STORE_113,,,
US531541,03/08/2025,sam.jones1500@yahoo.com,GADGET-31,2,193.65,290.48,apple_pay,STORE_117,VIP25,25.0,250.0
US535847,03/08/2025,jane.smith8069@yahoo.com,GADGET-22,3,99.09,267.54,bank_transfer,STORE_104,SAVE10,10.0,100.0
US536209,03/08/2025,david.williams3185@outlook.com,GADGET-07,5,125.69,628.45,credit_card,STORE_103,,,
US537616,03/08/2025,maria.jones1243@gmail.com,GADGET-25,2,143.68,287.36,apple_pay,STORE_118,,,
US530981,03/08/2025,david.brown5170@gmail.com,GADGET-19,1,190.07,190.07,bank_transfer,STORE_104,,,
US534774,03/08/2025,david.miller3957@yahoo.com,GADGET-18,5,170.4,852.0,apple_pay,STORE_109,,,
US537869,03/08/2025,chris.jones1624@gmail.com,GADGET-58,3,84.51,253.53,paypal,STORE_114,,,
US531254,03/08/2025,sam.smith9907@gmail.com,GADGET-52,1,167.68,150.91,credit_card,STORE_102,SAVE10,10.0,100.0
US527723,03/08/2025,chris.miller3237@outlook.com,GADGET-79,1,170.18,127.64,bank_transfer,STORE_108,VIP25,25.0,250.0
US529286,03/08/2025,jane.miller537@email.com,GADGET-04,2,158.76,285.77,apple_pay,STORE_114,SAVE10,10.0,100.0
US531754,03/08/2025,david.brown5088@gmail.com,GADGET-13,5,170.93,854.65,apple_pay,STORE_102,,,
US537314,03/08/2025,jane.smith8683@yahoo.com,GADGET-55,4,73.95,295.8,paypal,STORE_105,,,
US527848,03/08/2025,maria.smith260@outlook.com,GADGET-53,1,278.19,278.19,credit_card,STORE_119,,,
US536268,03/08/2025,sam.brown290@yahoo.com,GADGET-08,2,118.25,177.38,google_pay,STORE_112,VIP25,25.0,250.0
US540452,03/08/2025,jane.smith777@yahoo.com,GADGET-17,1,106.12,106.12,bank_transfer,STORE_110,,,
US541093,03/08/2025,chris.jones9990@gmail.com,GADGET-78,4,236.38,945.52,paypal,STORE_112,,,
US536901,03/08/2025,maria.jones4972@yahoo.com,GADGET-52,1,43.34,43.34,paypal,STORE_112,,,
US533026,03/08/2025,john.smith9356@email.com,GADGET-68,2,195.87,293.81,apple_pay,STORE_104,VIP25,25.0,250.0
US539638,03/08/2025,john.williams1051@email.com,GADGET-37,2,157.39,314.78,credit_card,STORE_102,,,
US529844,03/08/2025,maria.brown853@email.com,GADGET-56,4,227.02,908.08,google_pay,STORE_113,,,
US539682,03/08/2025,david.williams5277@gmail.com,GADGET-07,2,169.59,339.18,bank_transfer,STORE_116,,,
US540112,03/08/2025,david.johnson5756@yahoo.com,GADGET-39,3,95.55,286.65,credit_card,STORE_114,,,
US527392,03/08/2025,chris.miller9577@gmail.com,GADGET-41,2,123.27,221.89,paypal,STORE_105,SAVE10,10.0,100.0
US529058,03/08/2025,maria.jones3667@email.com,GADGET-64,4,296.45,1185.8,credit_card,STORE_118,,,
US537088,03/08/2025,john.brown6778@yahoo.com,GADGET-42,3,62.05,186.15,google_pay,STORE_110,,,
US534123,03/08/2025,david.jones5264@email.com,GADGET-33,5,219.08,1095.4,credit_card,STORE_110,,,
US529835,03/08/2025,jane.smith5577@gmail.com,GADGET-77,3,157.8,473.4,paypal,STORE_113,,,
US538631,03/08/2025,sam.jones5324@yahoo.com,GADGET-72,1,269.72,269.72,credit_card,STORE_106,,,
US531381,03/08/2025,sam.miller8984@yahoo.com,GADGET-37,5,262.37,1049.48,apple_pay,STORE_111,SAVE20,20.0,200.0
US540324,03/08/2025,john.brown957@yahoo.com,GADGET-75,5,112.24,477.02,google_pay,STORE_112,WELCOME15,15.0,150.0
US528465,03/08/2025,sam.miller7092@gmail.com,GADGET-13,1,292.71,292.71,apple_pay,STORE_105,,,
US539055,03/08/2025,lisa.johnson7925@yahoo.com,GADGET-06,2,172.43,344.86,apple_pay,STORE_111,,,
US533229,03/08/2025,alex.brown7820@yahoo.com,GADGET-43,1,194.4,155.52,google_pay,STORE_116,SAVE20,20.0,200.0
US532218,03/08/2025,john.brown9871@yahoo.com,GADGET-16,3,125.63,301.51,paypal,STORE_115,SAVE20,20.0,200.0
US534187,03/08/2025,david.miller4339@gmail.com,GADGET-48,1,143.81,129.43,bank_transfer,STORE_107,SAVE10,10.0,100.0
US535215,03/08/2025,alex.johnson2950@yahoo.com,GADGET-64,5,112.88,564.4,paypal,STORE_101,,,
US530371,03/08/2025,jane.smith8268@gmail.com,GADGET-48,2,103.4,206.8,bank_transfer,STORE_116,,,
US540906,03/08/2025,lisa.miller6520@yahoo.com,GADGET-01,4,53.95,215.8,google_pay,STORE_102,,,
US529729,03/08/2025,jane.johnson2848@yahoo.com,GADGET-73,2,278.49,501.28,google_pay,STORE_117,SAVE10,10.0,100.0
US537112,03/08/2025,chris.miller9822@outlook.com,GADGET-66,1,98.32,98.32,paypal,STORE_114,,,
US539737,03/08/2025,lisa.smith8555@email.com,GADGET-58,2,61.2,122.4,credit_card,STORE_119,,,
US530449,03/08/2025,john.johnson2220@yahoo.com,GADGET-57,3,79.19,237.57,credit_card,STORE_114,,,
US537455,03/08/2025,chris.jones7304@outlook.com,GADGET-50,1,215.32,193.79,apple_pay,STORE_110,SAVE10,10.0,100.0
US535938,03/08/2025,john.jones473@email.com,GADGET-59,1,67.73,67.73,apple_pay,STORE_111,,,
US529825,03/08/2025,chris.johnson5910@email.com,GADGET-39,3,150.36,451.08,paypal,STORE_106,,,
US534858,03/08/2025,lisa.johnson228@yahoo.com,GADGET-70,2,52.6,105.2,paypal,STORE_107,,,
US538595,03/08/2025,maria.williams539@yahoo.com,GADGET-23,2,29.6,44.4,apple_pay,STORE_108,VIP25,25.0,250.0
US539712,03/08/2025,sam.jones6109@email.com,GADGET-23,5,261.19,979.46,paypal,STORE_110,VIP25,25.0,250.0
US529121,03/08/2025,chris.williams1235@email.com,GADGET-51,4,223.24,803.66,bank_transfer,STORE_108,SAVE10,10.0,100.0
US534620,03/08/2025,alex.brown7277@gmail.com,GADGET-27,4,142.11,568.44,google_pay,STORE_110,,,
US535344,03/08/2025,chris.jones3213@outlook.com,GADGET-30,5,83.04,311.4,bank_transfer,STORE_109,VIP25,25.0,250.0
US530233,03/08/2025,maria.jones971@outlook.com,GADGET-69,4,83.64,334.56,paypal,STORE_104,,,
US540549,03/08/2025,chris.williams8842@gmail.com,GADGET-06,5,83.55,417.75,google_pay,STORE_116,,,
US538154,03/08/2025,alex.brown2730@yahoo.com,GADGET-56,4,210.5,842.0,apple_pay,STORE_113,,,
US541387,03/08/2025,lisa.johnson3774@gmail.com,GADGET-44,5,289.92,1232.16,paypal,STORE_116,WELCOME15,15.0,150.0
US537791,03/08/2025,sam.johnson2588@yahoo.com,GADGET-58,5,180.5,676.88,apple_pay,STORE_116,VIP25,25.0,250.0
US533151,03/08/2025,lisa.miller6535@email.com,GADGET-38,5,163.69,818.45,google_pay,STORE_103,,,
US539013,03/08/2025,jane.jones7168@yahoo.com,GADGET-34,3,118.48,355.44,paypal,STORE_111,,,
US527884,03/08/2025,maria.williams3617@email.com,GADGET-11,1,112.82,112.82,bank_transfer,STORE_113,,,
US530054,03/08/2025,sam.jones7525@outlook.com,GADGET-09,2,86.25,172.5,paypal,STORE_120,,,
US540283,03/08/2025,alex.williams79@email.com,GADGET-62,2,158.04,316.08,google_pay,STORE_105,,,
US541024,03/08/2025,chris.smith7335@email.com,GADGET-68,5,128.42,642.1,bank_transfer,STORE_117,,,
US529561,03/08/2025,maria.johnson5552@outlook.com,GADGET-37,1,242.43,206.07,google_pay,STORE_102,WELCOME15,15.0,150.0
US529630,03/08/2025,jane.smith3845@outlook.com,GADGET-66,3,257.31,578.95,paypal,STORE_113,VIP25,25.0,250.0
US533906,03/08/2025,david.miller3568@email.com,GADGET-29,3,297.28,891.84,credit_card,STORE_114,,,
US530947,03/08/2025,lisa.williams6865@email.com,GADGET-01,4,40.0,160.0,bank_transfer,STORE_116,,,
US536057,03/08/2025,jane.smith1752@email.com,GADGET-08,1,74.01,55.51,credit_card,STORE_101,VIP25,25.0,250.0
US528801,03/08/2025,chris.jones6452@gmail.com,GADGET-07,3,84.81,254.43,credit_card,STORE_119,,,
US532933,03/08/2025,jane.miller7695@outlook.com,GADGET-11,3,266.49,799.47,paypal,STORE_115,,,
US535148,03/08/2025,john.brown101@yahoo.com,GADGET-58,5,283.44,1417.2,apple_pay,STORE_117,,,
US530706,03/08/2025,alex.miller1045@yahoo.com,GADGET-79,5,158.76,793.8,google_pay,STORE_119,,,
US539669,03/08/2025,john.smith4922@outlook.com,GADGET-66,1,255.22,191.41,google_pay,STORE_117,VIP25,25.0,250.0
US540036,03/08/2025,lisa.brown9551@email.com,GADGET-24,2,101.35,162.16,credit_card,STORE_107,SAVE20,20.0,200.0
US536627,03/08/2025,maria.williams1598@email.com,GADGET-43,3,168.18,504.54,paypal,STORE_114,,,
US535811,03/08/2025,chris.jones164@yahoo.com,GADGET-47,2,260.11,520.22,bank_transfer,STORE_107,,,
US538968,03/08/2025,maria.brown648@email.com,GADGET-21,4,168.19,672.76,paypal,STORE_102,,,
US530459,03/08/2025,chris.johnson216@gmail.com,GADGET-34,1,294.49,294.49,apple_pay,STORE_113,,,
US537159,03/08/2025,lisa.miller4861@email.com,GADGET-67,5,106.66,399.97,credit_card,STORE_113,VIP25,25.0,250.0
US535118,03/08/2025,alex.brown7973@yahoo.com,GADGET-19,2,31.87,50.99,paypal,STORE_119,SAVE20,20.0,200.0
US530068,03/08/2025,maria.miller9598@email.com,GADGET-22,5,155.54,777.7,google_pay,STORE_115,,,
US541344,03/08/2025,maria.johnson3565@email.com,GADGET-37,3,34.99,83.98,bank_transfer,STORE_101,SAVE20,20.0,200.0
US533647,03/08/2025,sam.smith1803@outlook.com,GADGET-56,1,194.4,194.4,apple_pay,STORE_113,,,
US537934,03/08/2025,lisa.miller7737@yahoo.com,GADGET-67,1,154.45,154.45,bank_transfer,STORE_112,,,
US541225,03/08/2025,david.miller5763@yahoo.com,GADGET-62,1,33.53,25.15,apple_pay,STORE_107,VIP25,25.0,250.0
US532979,03/08/2025,maria.jones1299@yahoo.com,GADGET-16,1,176.28,176.28,apple_pay,STORE_117,,,
US533620,03/08/2025,maria.miller5853@outlook.com,GADGET-68,2,180.72,361.44,bank_transfer,STORE_110,,,
US531069,03/08/2025,lisa.brown9922@gmail.com,GADGET-60,3,174.52,392.67,credit_card,STORE_112,VIP25,25.0,250.0
US536365,03/08/2025,chris.jones1672@email.com,GADGET-59,4,27.57,110.28,apple_pay,STORE_110,,,
US533730,03/08/2025,david.brown3107@gmail.com,GADGET-11,4,95.64,382.56,credit_card,STORE_108,,,
US539632,03/08/2025,lisa.williams5670@yahoo.com,GADGET-55,4,70.76,226.43,credit_card,STORE_112,SAVE20,20.0,200.0
US538731,03/08/2025,jane.johnson6433@yahoo.com,GADGET-22,2,146.56,293.12,bank_transfer,STORE_117,,,
US532306,03/08/2025,sam.williams6014@outlook.com,GADGET-73,2,204.67,409.34,apple_pay,STORE_117,,,
US531294,03/08/2025,sam.jones277@email.com,GADGET-46,1,195.88,146.91,google_pay,STORE_116,VIP25,25.0,250.0
US533662,03/08/2025,alex.jones9762@yahoo.com,GADGET-37,3,272.07,816.21,google_pay,STORE_101,,,
US533272,03/08/2025,chris.smith5790@outlook.com,GADGET-68,2,273.55,547.1,bank_transfer,STORE_115,,,
US539711,03/08/2025,lisa.brown5519@email.com,GADGET-33,1,81.41,61.06,google_pay,STORE_120,VIP25,25.0,250.0
US539434,03/08/2025,jane.williams3722@outlook.com,GADGET-17,4,123.6,494.4,apple_pay,STORE_103,,,
US537533,03/08/2025,alex.smith3508@gmail.com,GADGET-49,4,39.51,134.33,apple_pay,STORE_101,WELCOME15,15.0,150.0
US528390,03/08/2025,alex.brown3903@gmail.com,GADGET-20,3,218.9,656.7,bank_transfer,STORE_115,,,
US528455,03/08/2025,sam.miller9478@email.com,GADGET-15,5,162.22,729.99,bank_transfer,STORE_103,SAVE10,10.0,100.0
US539486,03/08/2025,sam.williams6752@gmail.com,GADGET-45,5,223.68,950.64,paypal,STORE_110,WELCOME15,15.0,150.0
US527929,03/08/2025,sam.smith4612@email.com,GADGET-59,4,124.47,423.2,credit_card,STORE_108,WELCOME15,15.0,150.0
US537935,03/08/2025,chris.jones4628@email.com,GADGET-20,2,157.75,252.4,apple_pay,STORE_110,SAVE20,20.0,200.0
US536633,03/08/2025,chris.johnson1698@outlook.com,GADGET-54,4,35.34,141.36,google_pay,STORE_101,,,
US535587,03/08/2025,chris.brown3089@yahoo.com,GADGET-64,3,186.63,559.89,google_pay,STORE_118,,,
US527349,03/08/2025,david.miller8554@outlook.com,GADGET-03,5,97.99,367.46,apple_pay,STORE_119,VIP25,25.0,250.0
US538252,03/08/2025,alex.williams6489@gmail.com,GADGET-52,2,271.87,543.74,bank_transfer,STORE_114,,,
US532943,03/08/2025,david.johnson2784@outlook.com,GADGET-04,1,293.19,293.19,apple_pay,STORE_104,,,
US530334,03/08/2025,sam.brown2792@outlook.com,GADGET-30,3,182.75,411.19,apple_pay,STORE_108,VIP25,25.0,250.0
US536457,03/08/2025,sam.jones9154@yahoo.com,GADGET-04,3,30.89,69.5,apple_pay,STORE_115,VIP25,25.0,250.0
US540672,03/08/2025,jane.smith6003@yahoo.com,GADGET-77,1,294.32,294.32,apple_pay,STORE_102,,,
US534947,03/08/2025,alex.brown880@gmail.com,GADGET-06,5,92.88,371.52,credit_card,STORE_113,SAVE20,20.0,200.0
US530852,03/08/2025,sam.jones3203@yahoo.com,GADGET-70,5,114.66,573.3,credit_card,STORE_107,,,
US531259,03/08/2025,maria.brown6878@email.com,GADGET-51,5,178.15,801.68,paypal,STORE_116,SAVE10,10.0,100.0
US539379,03/08/2025,chris.brown229@gmail.com,GADGET-11,1,297.5,267.75,paypal,STORE_102,SAVE10,10.0,100.0
US535859,03/08/2025,chris.williams3452@yahoo.com,GADGET-16,4,156.5,626.0,credit_card,STORE_118,,,
US539403,03/08/2025,maria.johnson4085@gmail.com,GADGET-34,4,253.27,1013.08,paypal,STORE_103,,,
US530238,03/08/2025,john.smith9498@email.com,GADGET-22,4,73.24,292.96,paypal,STORE_108,,,
US528203,03/08/2025,chris.johnson8240@yahoo.com,GADGET-18,5,144.25,721.25,paypal,STORE_116,,,
US528842,03/08/2025,sam.brown6353@outlook.com,GADGET-41,1,102.75,102.75,credit_card,STORE_105,,,
US534008,03/08/2025,sam.miller4054@yahoo.com,GADGET-72,2,292.35,584.7,google_pay,STORE_118,,,
US533405,03/08/2025,alex.miller9273@yahoo.com,GADGET-41,3,256.96,655.25,bank_transfer,STORE_103,WELCOME15,15.0,150.0
US537948,03/08/2025,jane.brown4306@gmail.com,GADGET-56,3,139.33,376.19,bank_transfer,STORE_103,SAVE10,10.0,100.0
US536518,03/08/2025,david.smith741@yahoo.com,GADGET-43,4,151.02,453.06,google_pay,STORE_105,VIP25,25.0,250.0
US535986,03/08/2025,david.miller2024@yahoo.com,GADGET-29,3,133.68,401.04,bank_transfer,STORE_114,,,
US539232,03/08/2025,maria.smith2268@email.com,GADGET-21,4,75.67,257.28,google_pay,STORE_105,WELCOME15,15.0,150.0
US537892,03/08/2025,alex.johnson9982@email.com,GADGET-39,4,290.19,928.61,paypal,STORE_109,SAVE20,20.0,200.0
US529864,03/08/2025,david.johnson8512@email.com,GADGET-69,4,169.93,679.72,paypal,STORE_101,,,
US534182,03/08/2025,sam.williams6318@gmail.com,GADGET-11,3,178.84,536.52,credit_card,STORE_116,,,
US530085,03/08/2025,sam.johnson3798@gmail.com,GADGET-28,3,48.66,145.98,apple_pay,STORE_107,,,
US528871,03/08/2025,john.johnson9413@outlook.com,GADGET-67,3,89.18,214.03,bank_transfer,STORE_106,SAVE20,20.0,200.0
US530894,03/08/2025,lisa.jones2174@yahoo.com,GADGET-05,4,41.63,133.22,paypal,STORE_107,SAVE20,20.0,200.0
US534672,03/08/2025,john.williams9414@yahoo.com,GADGET-72,3,142.0,426.0,google_pay,STORE_117,,,
US528959,03/08/2025,sam.miller1911@email.com,GADGET-22,5,172.03,860.15,bank_transfer,STORE_104,,,
US536960,03/08/2025,jane.brown5760@gmail.com,GADGET-13,3,36.94,110.82,google_pay,STORE_108,,,
US527608,03/08/2025,alex.williams9617@outlook.com,GADGET-14,1,86.93,73.89,bank_transfer,STORE_102,WELCOME15,15.0,150.0
US527937,03/08/2025,sam.jones4632@email.com,GADGET-01,4,24.62,98.48,bank_transfer,STORE_108,,,
US539969,03/08/2025,alex.jones4135@email.com,GADGET-35,5,210.61,947.75,paypal,STORE_112,SAVE10,10.0,100.0
US533479,03/08/2025,lisa.smith1555@outlook.com,GADGET-14,5,177.91,889.55,google_pay,STORE_112,,,
US532464,03/08/2025,jane.jones6698@yahoo.com,GADGET-38,1,283.92,283.92,credit_card,STORE_106,,,
US530367,03/08/2025,john.smith4947@gmail.com,GADGET-15,2,278.55,557.1,google_pay,STORE_120,,,
US533189,03/08/2025,alex.smith9557@outlook.com,GADGET-64,5,48.42,242.1,paypal,STORE_117,,,
US537266,03/08/2025,lisa.jones9423@gmail.com,GADGET-42,4,69.63,278.52,google_pay,STORE_116,,,
US537010,03/08/2025,alex.smith9299@yahoo.com,GADGET-10,5,159.77,599.14,apple_pay,STORE_103,VIP25,25.0,250.0
US531405,03/08/2025,jane.brown2946@gmail.com,GADGET-68,1,202.51,202.51,google_pay,STORE_104,,,
US527573,03/08/2025,chris.jones2691@outlook.com,GADGET-73,3,281.23,843.69,paypal,STORE_103,,,
US532903,03/08/2025,lisa.jones3708@outlook.com,GADGET-10,2,219.18,350.69,apple_pay,STORE_104,SAVE20,20.0,200.0
US535888,03/08/2025,maria.miller3248@email.com,GADGET-62,4,272.52,872.06,google_pay,STORE_111,SAVE20,20.0,200.0
US530126,03/08/2025,sam.jones2595@outlook.com,GADGET-56,5,186.64,839.88,google_pay,STORE_117,SAVE10,10.0,100.0
US532707,03/08/2025,maria.jones9676@outlook.com,GADGET-49,5,271.16,1084.64,apple_pay,STORE_107,SAVE20,20.0,200.0
US534447,03/08/2025,chris.johnson6234@email.com,GADGET-04,1,256.14,256.14,bank_transfer,STORE_104,,,
US536398,03/08/2025,lisa.brown6425@email.com,GADGET-59,2,89.18,178.36,bank_transfer,STORE_101,,,
US528019,03/08/2025,jane.miller2794@gmail.com,GADGET-51,3,275.99,827.97,credit_card,STORE_108,,,
US538194,03/08/2025,david.williams7548@yahoo.com,GADGET-60,4,201.67,806.68,paypal,STORE_111,,,
US531684,03/08/2025,david.johnson3507@email.com,GADGET-35,2,233.4,373.44,google_pay,STORE_120,SAVE20,20.0,200.0
US537634,03/08/2025,lisa.brown4585@yahoo.com,GADGET-79,5,59.3,296.5,paypal,STORE_101,,,
US530917,03/08/2025,chris.brown1214@gmail.com,GADGET-68,5,134.87,674.35,credit_card,STORE_116,,,
US538498,03/08/2025,john.johnson6837@yahoo.com,GADGET-27,4,61.78,247.12,paypal,STORE_104,,,
US540083,03/08/2025,david.johnson817@email.com,GADGET-23,3,247.01,741.03,credit_card,STORE_114,,,
US533552,03/08/2025,sam.smith8010@yahoo.com,GADGET-16,1,222.21,222.21,credit_card,STORE_110,,,
US530775,03/08/2025,alex.smith7803@email.com,GADGET-72,3,25.77,77.31,bank_transfer,STORE_109,,,
US530885,03/08/2025,david.smith3082@email.com,GADGET-72,5,55.53,222.12,paypal,STORE_108,SAVE20,20.0,200.0
US528016,03/08/2025,jane.williams9273@email.com,GADGET-01,4,243.18,972.72,apple_pay,STORE_112,,,
US533276,03/08/2025,lisa.jones5361@yahoo.com,GADGET-04,3,34.79,93.93,bank_transfer,STORE_111,SAVE10,10.0,100.0
US537045,03/08/2025,maria.smith3294@outlook.com,GADGET-15,1,145.27,116.22,credit_card,STORE_106,SAVE20,20.0,200.0
US538253,03/08/2025,lisa.smith3640@email.com,GADGET-68,4,284.53,1024.31,paypal,STORE_119,SAVE10,10.0,100.0
US538928,03/08/2025,lisa.miller8173@email.com,GADGET-48,2,97.43,194.86,paypal,STORE_106,,,
US535661,03/08/2025,chris.williams798@gmail.com,GADGET-12,5,172.13,860.65,google_pay,STORE_119,,,
US536626,03/08/2025,john.williams3964@email.com,GADGET-09,1,230.8,230.8,apple_pay,STORE_103,,,
US538627,03/08/2025,jane.johnson8752@email.com,GADGET-19,5,84.18,378.81,bank_transfer,STORE_119,SAVE10,10.0,100.0
US527946,03/08/2025,john.jones3785@yahoo.com,GADGET-63,4,132.52,397.56,apple_pay,STORE_118,VIP25,25.0,250.0
US539170,03/08/2025,jane.williams6405@gmail.com,GADGET-66,5,40.31,201.55,bank_transfer,STORE_110,,,
US540002,03/08/2025,alex.brown2575@email.com,GADGET-69,1,139.9,118.92,google_pay,STORE_103,WELCOME15,15.0,150.0
US529612,03/08/2025,sam.miller5896@outlook.com,GADGET-61,5,103.12,515.6,google_pay,STORE_116,,,
US535473,03/08/2025,jane.johnson3020@email.com,GADGET-63,2,77.56,155.12,apple_pay,STORE_117,,,
US532461,03/08/2025,david.williams2183@outlook.com,GADGET-11,3,91.27,273.81,apple_pay,STORE_106,,,
US534314,03/08/2025,sam.smith3891@yahoo.com,GADGET-46,1,104.84,104.84,apple_pay,STORE_118,,,
US539399,03/08/2025,jane.smith1876@outlook.com,GADGET-52,5,83.43,354.58,paypal,STORE_114,WELCOME15,15.0,150.0
US530450,03/08/2025,lisa.brown1791@email.com,GADGET-78,4,178.97,536.91,credit_card,STORE_115,VIP25,25.0,250.0
US528128,03/08/2025,maria.williams2269@email.com,GADGET-04,5,60.52,226.95,google_pay,STORE_112,VIP25,25.0,250.0
US540992,03/08/2025,john.johnson1988@outlook.com,GADGET-79,3,257.65,579.71,google_pay,STORE_108,VIP25,25.0,250.0
US538949,03/08/2025,sam.smith6690@email.com,GADGET-08,1,214.39,214.39,paypal,STORE_107,,,
US539087,03/08/2025,jane.miller7569@gmail.com,GADGET-09,2,197.29,394.58,google_pay,STORE_106,,,
US532954,03/08/2025,john.brown3419@gmail.com,GADGET-34,5,168.75,843.75,paypal,STORE_103,,,
US530824,03/08/2025,sam.williams7283@yahoo.com,GADGET-21,5,69.19,345.95,bank_transfer,STORE_107,,,
US530613,03/08/2025,alex.miller6455@email.com,GADGET-40,1,214.73,214.73,paypal,STORE_101,,,
US539526,03/08/2025,john.miller8315@gmail.com,GADGET-08,4,50.89,203.56,paypal,STORE_113,,,
US534134,03/08/2025,chris.brown9964@outlook.com,GADGET-19,3,163.16,489.48,apple_pay,STORE_119,,,
US531576,03/08/2025,jane.miller2611@gmail.com,GADGET-78,2,249.93,499.86,bank_transfer,STORE_105,,,
US532561,03/08/2025,john.smith8744@gmail.com,GADGET-64,4,42.29,143.79,paypal,STORE_102,WELCOME15,15.0,150.0
US527326,03/08/2025,maria.williams8052@email.com,GADGET-54,5,76.73,287.74,paypal,STORE_114,VIP25,25.0,250.0
US538755,03/08/2025,maria.jones5124@yahoo.com,GADGET-33,2,177.23,354.46,bank_transfer,STORE_110,,,
US536806,03/08/2025,maria.brown1664@yahoo.com,GADGET-45,4,228.12,821.23,google_pay,STORE_118,SAVE10,10.0,100.0
US539056,03/08/2025,alex.johnson3761@outlook.com,GADGET-48,1,171.08,171.08,apple_pay,STORE_120,,,
US534460,03/08/2025,alex.williams3005@outlook.com,GADGET-15,3,171.25,436.69,paypal,STORE_115,WELCOME15,15.0,150.0
US528311,03/08/2025,alex.williams6004@email.com,GADGET-11,3,294.08,882.24,paypal,STORE_115,,,
US531761,03/08/2025,jane.smith6952@email.com,GADGET-56,5,57.48,287.4,paypal,STORE_102,,,
US528220,03/08/2025,jane.jones6307@gmail.com,GADGET-62,4,143.83,575.32,apple_pay,STORE_119,,,
US530073,03/08/2025,jane.smith4642@email.com,GADGET-56,3,44.04,132.12,paypal,STORE_106,,,
US534555,03/08/2025,sam.miller9249@yahoo.com,GADGET-74,2,101.32,202.64,google_pay,STORE_112,,,
US529406,03/08/2025,john.johnson413@email.com,GADGET-38,4,298.02,1192.08,google_pay,STORE_103,,,
