order_id,order_date,email,product_sku,quantity,unit_price,total_amount,payment_method,store_id,promo_code,discount_pct,loyalty_points
US1270404,04/29/2025,chris.brown9031@outlook.com,GADGET-52,3,64.71,194.13,bank_transfer,STORE_115,,,
US1280104,04/29/2025,david.jones1674@email.com,GADGET-09,2,174.64,349.28,apple_pay,STORE_120,,,
US1279675,04/29/2025,alex.jones631@yahoo.com,GADGET-68,2,295.88,591.76,bank_transfer,STORE_108,,,
US1271668,04/29/2025,john.smith3453@email.com,GADGET-34,1,66.83,66.83,credit_card,STORE_106,,,
US1279324,04/29/2025,sam.brown9991@yahoo.com,GADGET-36,4,122.04,488.16,credit_card,STORE_114,,,
US1278416,04/29/2025,john.brown5826@outlook.com,GADGET-47,5,74.5,372.5,apple_pay,STORE_119,,,
US1279343,04/29/2025,john.williams4337@yahoo.com,GADGET-37,5,35.55,177.75,google_pay,STORE_117,,,
US1276707,04/29/2025,lisa.johnson5002@yahoo.com,GADGET-07,4,252.57,757.71,bank_transfer,STORE_113,VIP25,25.0,250.0
US1277013,04/29/2025,alex.brown2464@email.com,GADGET-43,4,167.95,537.44,apple_pay,STORE_115,SAVE20,20.0,200.0
US1276094,04/29/2025,maria.miller2068@gmail.com,GADGET-25,2,145.54,291.08,credit_card,STORE_108,,,
US1269872,04/29/2025,lisa.jones1488@yahoo.com,GADGET-55,4,94.53,378.12,credit_card,STORE_107,,,
US1277186,04/29/2025,maria.miller9359@gmail.com,GADGET-24,2,29.0,58.0,paypal,STORE_105,,,
US1268704,04/29/2025,maria.smith6040@yahoo.com,GADGET-75,4,147.56,501.7,apple_pay,STORE_118,WELCOME15,15.0,150.0
US1270973,04/29/2025,sam.jones7119@gmail.com,GADGET-44,5,184.62,738.48,bank_transfer,STORE_111,SAVE20,20.0,200.0
US1273445,04/29/2025,sam.smith3843@outlook.com,GADGET-70,4,98.11,333.57,paypal,STORE_109,WELCOME15,15.0,150.0
US1273918,04/29/2025,lisa.johnson3468@email.com,GADGET-59,1,110.66,110.66,paypal,STORE_102,,,
US1270156,04/29/2025,alex.miller5786@email.com,GADGET-26,1,230.32,230.32,bank_transfer,STORE_115,,,
US1270640,04/29/2025,lisa.miller3660@email.com,GADGET-01,1,265.94,265.94,apple_pay,STORE_119,,,
US1270207,04/29/2025,john.johnson5465@gmail.com,GADGET-55,5,145.59,582.36,credit_card,STORE_108,SAVE20,20.0,200.0
US1277124,04/29/2025,sam.williams4416@outlook.com,GADGET-60,3,161.94,485.82,google_pay,STORE_109,,,
US1279900,04/29/2025,john.johnson5973@yahoo.com,GADGET-02,3,98.6,251.43,credit_card,STORE_115,WELCOME15,15.0,150.0
US1272238,04/29/2025,john.miller4876@email.com,GADGET-54,1,204.75,153.56,apple_pay,STORE_111,VIP25,25.0,250.0
US1275014,04/29/2025,sam.johnson9541@gmail.com,GADGET-67,4,251.9,755.7,apple_pay,STORE_114,VIP25,25.0,250.0
US1268676,04/29/2025,john.brown2583@email.com,GADGET-49,2,22.4,44.8,google_pay,STORE_117,,,
US1280894,04/29/2025,sam.williams8757@yahoo.com,GADGET-47,2,197.27,394.54,credit_card,STORE_116,,,
US1279188,04/29/2025,david.smith7299@outlook.com,GADGET-17,1,117.41,105.67,google_pay,STORE_115,SAVE10,10.0,100.0
US1272666,04/29/2025,maria.johnson1369@email.com,GADGET-79,3,278.61,710.46,apple_pay,STORE_115,WELCOME15,15.0,150.0
US1277674,04/29/2025,david.smith3095@gmail.com,GADGET-79,5,145.52,582.08,bank_transfer,STORE_111,SAVE20,20.0,200.0
US1269306,04/29/2025,jane.jones5416@yahoo.com,GADGET-16,4,86.84,260.52,paypal,STORE_111,VIP25,25.0,250.0
US1277094,04/29/2025,alex.jones463@email.com,GADGET-62,1,193.7,193.7,bank_transfer,STORE_114,,,
US1271317,04/29/2025,chris.williams7732@gmail.com,GADGET-11,1,270.98,270.98,paypal,STORE_105,,,
US1273258,04/29/2025,maria.williams7241@yahoo.com,GADGET-26,1,295.19,295.19,apple_pay,STORE_112,,,
US1278910,04/29/2025,john.jones8038@yahoo.com,GADGET-52,3,78.18,234.54,paypal,STORE_109,,,
US1276627,04/29/2025,john.williams2514@email.com,GADGET-14,5,163.36,816.8,google_pay,STORE_117,,,
US1277051,04/29/2025,jane.williams8019@gmail.com,GADGET-07,1,261.8,222.53,google_pay,STORE_106,WELCOME15,15.0,150.0
US1279466,04/29/2025,john.miller2396@yahoo.com,GADGET-79,4,78.95,236.85,paypal,STORE_118,VIP25,25.0,250.0
US1271797,04/29/2025,john.miller9943@yahoo.com,GADGET-54,3,204.91,614.73,paypal,STORE_103,,,
US1271288,04/29/2025,sam.miller9053@yahoo.com,GADGET-65,5,51.91,233.59,paypal,STORE_111,SAVE10,10.0,100.0
US1269497,04/29/2025,alex.jones3318@outlook.com,GADGET-03,3,33.3,99.9,credit_card,STORE_113,,,
US1278617,04/29/2025,maria.brown4243@email.com,GADGET-13,3,230.74,692.22,bank_transfer,STORE_115,,,
US1274294,04/29/2025,jane.brown4400@email.com,GADGET-16,5,286.31,1431.55,apple_pay,STORE_105,,,
US1272605,04/29/2025,jane.johnson207@email.com,GADGET-41,4,280.29,1121.16,google_pay,STORE_119,,,
US1271032,04/29/2025,chris.brown410@gmail.com,GADGET-12,5,172.68,733.89,apple_pay,STORE_112,WELCOME15,15.0,150.0
US1281139,04/29/2025,lisa.smith1718@email.com,GADGET-24,1,167.39,167.39,paypal,STORE_112,,,
US1273044,04/29/2025,david.williams4143@outlook.com,GADGET-03,1,166.56,166.56,google_pay,STORE_104,,,
US1272823,04/29/2025,sam.jones1392@email.com,GADGET-60,1,133.99,133.99,apple_pay,STORE_109,,,
US1281861,04/29/2025,alex.johnson5262@gmail.com,GADGET-50,2,77.75,155.5,apple_pay,STORE_112,,,
US1280115,04/29/2025,david.williams3126@yahoo.com,GADGET-54,2,208.22,416.44,apple_pay,STORE_110,,,
US1276308,04/29/2025,lisa.johnson3663@yahoo.com,GADGET-17,5,169.52,678.08,google_pay,STORE_119,SAVE20,20.0,200.0
US1271151,04/29/2025,lisa.jones9543@gmail.com,GADGET-29,4,63.46,253.84,apple_pay,STORE_111,,,
US1277315,04/29/2025,david.smith77@email.com,GADGET-25,2,257.65,515.3,credit_card,STORE_113,,,
US1278891,04/29/2025,john.brown8743@outlook.com,GADGET-43,5,21.74,81.52,google_pay,STORE_108,VIP25,25.0,250.0
US1277500,04/29/2025,lisa.johnson2521@yahoo.com,GADGET-77,1,155.83,116.87,paypal,STORE_116,VIP25,25.0,250.0
US1271197,04/29/2025,john.miller7301@gmail.com,GADGET-69,5,286.15,1144.6,bank_transfer,STORE_109,SAVE20,20.0,200.0
US1274869,04/29/2025,maria.smith4760@gmail.com,GADGET-36,1,96.95,87.26,apple_pay,STORE_103,SAVE10,10.0,100.0
US1272754,04/29/2025,chris.smith3487@gmail.com,GADGET-20,4,22.65,90.6,credit_card,STORE_111,,,
US1270079,04/29/2025,maria.brown9638@gmail.com,GADGET-51,5,138.94,694.7,credit_card,STORE_119,,,
US1278935,04/29/2025,john.jones1681@email.com,GADGET-23,5,291.65,1458.25,apple_pay,STORE_101,,,
US1270001,04/29/2025,alex.jones2088@yahoo.com,GADGET-54,3,70.3,210.9,credit_card,STORE_107,,,
US1268785,04/29/2025,maria.jones7417@gmail.com,GADGET-51,4,105.04,420.16,bank_transfer,STORE_118,,,
US1272075,04/29/2025,lisa.smith7432@email.com,GADGET-23,4,60.22,180.66,credit_card,STORE_108,VIP25,25.0,250.0
US1279690,04/29/2025,alex.brown5374@gmail.com,GADGET-72,2,172.26,310.07,paypal,STORE_116,SAVE10,10.0,100.0
US1275989,04/29/2025,sam.johnson7824@yahoo.com,GADGET-56,4,137.02,493.27,paypal,STORE_115,SAVE10,10.0,100.0
US1282179,04/29/2025,sam.miller9992@outlook.com,GADGET-18,1,207.37,207.37,paypal,STORE_118,,,
US1278176,04/29/2025,maria.williams6182@gmail.com,GADGET-57,1,257.14,257.14,credit_card,STORE_118,,,
US1275221,04/29/2025,lisa.smith1426@gmail.com,GADGET-28,3,66.14,198.42,apple_pay,STORE_111,,,
US1273806,04/29/2025,alex.williams7481@email.com,GADGET-14,2,296.79,474.86,apple_pay,STORE_118,SAVE20,20.0,200.0
US1275786,04/29/2025,chris.jones6052@yahoo.com,GADGET-34,3,62.4,187.2,google_pay,STORE_109,,,
US1272700,04/29/2025,john.jones9053@gmail.com,GADGET-15,3,291.05,873.15,credit_card,STORE_107,,,
US1275074,04/29/2025,alex.brown624@yahoo.com,GADGET-49,5,167.24,836.2,bank_transfer,STORE_109,,,
US1277153,04/29/2025,david.jones3838@yahoo.com,GADGET-67,1,114.79,97.57,google_pay,STORE_106,WELCOME15,15.0,150.0
US1277808,04/29/2025,chris.smith7293@outlook.com,GADGET-47,3,52.9,119.02,google_pay,STORE_108,VIP25,25.0,250.0
US1277793,04/29/2025,john.miller601@yahoo.com,GADGET-78,2,176.65,264.98,credit_card,STORE_108,VIP25,25.0,250.0
US1281937,04/29/2025,alex.williams6780@email.com,GADGET-51,1,245.73,184.3,credit_card,STORE_109,VIP25,25.0,250.0
US1276769,04/29/2025,alex.smith9621@outlook.com,GADGET-29,2,88.59,159.46,google_pay,STORE_109,SAVE10,10.0,100.0
US1269836,04/29/2025,david.smith4442@gmail.com,GADGET-53,5,251.25,1005.0,bank_transfer,STORE_117,SAVE20,20.0,200.0
US1270029,04/29/2025,sam.jones5969@yahoo.com,GADGET-62,4,268.91,1075.64,google_pay,STORE_112,,,
US1282282,04/29/2025,maria.johnson1019@gmail.com,GADGET-36,1,282.86,226.29,paypal,STORE_119,SAVE20,20.0,200.0
US1270399,04/29/2025,jane.williams299@email.com,GADGET-71,1,212.11,212.11,bank_transfer,STORE_104,,,
US1268986,04/29/2025,maria.johnson1820@yahoo.com,GADGET-79,5,203.34,1016.7,apple_pay,STORE_120,,,
US1269397,04/29/2025,sam.miller1949@gmail.com,GADGET-73,2,198.42,396.84,credit_card,STORE_111,,,
US1277262,04/29/2025,alex.jones6540@outlook.com,GADGET-63,4,270.16,810.48,bank_transfer,STORE_108,VIP25,25.0,250.0
US1268296,04/29/2025,maria.williams320@gmail.com,GADGET-48,5,147.12,735.6,paypal,STORE_117,,,
US1278633,04/29/2025,lisa.jones1594@email.com,GADGET-79,3,34.94,104.82,credit_card,STORE_117,,,
US1281591,04/29/2025,alex.jones8289@gmail.com,GADGET-31,3,104.91,314.73,apple_pay,STORE_104,,,
US1272616,04/29/2025,david.johnson57@gmail.com,GADGET-76,3,54.11,162.33,google_pay,STORE_117,,,
US1273229,04/29/2025,john.miller4355@email.com,GADGET-35,4,238.91,955.64,credit_card,STORE_105,,,
US1281079,04/29/2025,david.brown4419@outlook.com,GADGET-51,5,268.68,1343.4,credit_card,STORE_105,,,
US1269967,04/29/2025,jane.smith4785@outlook.com,GADGET-53,5,266.05,1330.25,bank_transfer,STORE_105,,,
US1282017,04/29/2025,maria.johnson8337@gmail.com,GADGET-01,4,244.02,976.08,paypal,STORE_116,,,
US1273211,04/29/2025,maria.johnson5780@yahoo.com,GADGET-66,3,84.6,203.04,paypal,STORE_104,SAVE20,20.0,200.0
US1281628,04/29/2025,jane.miller7385@outlook.com,GADGET-73,4,23.0,82.8,apple_pay,STORE_109,SAVE10,10.0,100.0
US1276096,04/29/2025,alex.miller3384@email.com,GADGET-40,5,266.69,1066.76,apple_pay,STORE_108,SAVE20,20.0,200.0
US1271715,04/29/2025,alex.miller4239@outlook.com,GADGET-37,2,69.92,118.86,bank_transfer,STORE_120,WELCOME15,15.0,150.0
US1269079,04/29/2025,chris.jones9963@yahoo.com,GADGET-33,4,247.66,990.64,bank_transfer,STORE_105,,,
US1271114,04/29/2025,sam.williams6932@email.com,GADGET-34,4,125.5,502.0,apple_pay,STORE_101,,,
US1270280,04/29/2025,jane.johnson9664@outlook.com,GADGET-26,4,173.02,553.66,paypal,STORE_107,SAVE20,20.0,200.0
US1268385,04/29/2025,maria.brown7545@email.com,GADGET-67,4,110.05,440.2,credit_card,STORE_111,,,
US1272842,04/29/2025,sam.miller9427@outlook.com,GADGET-69,4,126.62,506.48,credit_card,STORE_107,,,
US1281864,04/29/2025,lisa.jones5269@outlook.com,GADGET-33,2,59.09,88.64,paypal,STORE_119,VIP25,25.0,250.0
US1278063,04/29/2025,sam.williams8242@yahoo.com,GADGET-42,5,200.5,1002.5,credit_card,STORE_117,,,
US1281059,04/29/2025,chris.miller5412@outlook.com,GADGET-27,2,154.22,308.44,apple_pay,STORE_101,,,
US1271331,04/29/2025,alex.williams9038@email.com,GADGET-60,5,64.27,321.35,paypal,STORE_111,,,
US1273908,04/29/2025,john.miller224@gmail.com,GADGET-52,1,64.96,51.97,apple_pay,STORE_115,SAVE20,20.0,200.0
US1280631,04/29/2025,jane.williams4723@gmail.com,GADGET-32,2,112.28,224.56,paypal,STORE_107,,,
US1270045,04/29/2025,david.jones2762@outlook.com,GADGET-09,3,274.46,823.38,credit_card,STORE_114,,,
US1268327,04/29/2025,maria.miller2281@outlook.com,GADGET-35,3,130.29,351.78,credit_card,STORE_107,SAVE10,10.0,100.0
US1282305,04/29/2025,maria.jones1317@outlook.com,GADGET-46,5,136.25,681.25,paypal,STORE_105,,,
US1274914,04/29/2025,jane.williams2598@email.com,GADGET-48,2,30.5,45.75,bank_transfer,STORE_111,VIP25,25.0,250.0
US1271898,04/29/2025,john.brown8242@email.com,GADGET-20,4,148.12,592.48,bank_transfer,STORE_111,,,
US1276921,04/29/2025,chris.jones560@outlook.com,GADGET-08,2,157.6,315.2,apple_pay,STORE_113,,,
US1274184,04/29/2025,maria.williams7528@yahoo.com,GADGET-47,4,75.09,225.27,credit_card,STORE_118,VIP25,25.0,250.0
US1269135,04/29/2025,john.miller5399@gmail.com,GADGET-33,3,272.0,816.0,credit_card,STORE_109,,,
US1274446,04/29/2025,lisa.jones9691@outlook.com,GADGET-73,2,291.68,583.36,google_pay,STORE_102,,,
US1281548,04/29/2025,jane.miller2568@email.com,GADGET-54,5,285.55,1284.98,google_pay,STORE_118,SAVE10,10.0,100.0
US1269803,04/29/2025,alex.miller6318@yahoo.com,GADGET-61,4,298.88,1195.52,paypal,STORE_120,,,
US1270211,04/29/2025,alex.brown3336@gmail.com,GADGET-48,4,148.78,446.34,apple_pay,STORE_102,VIP25,25.0,250.0
US1279872,04/29/2025,chris.johnson6572@outlook.com,GADGET-44,2,188.65,320.7,paypal,STORE_120,WELCOME15,15.0,150.0
US1280660,04/29/2025,alex.johnson1871@yahoo.com,GADGET-71,3,39.76,119.28,bank_transfer,STORE_106,,,
US1273356,04/29/2025,jane.johnson629@email.com,GADGET-23,5,275.74,1171.89,paypal,STORE_104,WELCOME15,15.0,150.0
US1276698,04/29/2025,david.johnson4718@outlook.com,GADGET-25,3,209.83,566.54,paypal,STORE_120,SAVE10,10.0,100.0
US1282220,04/29/2025,john.miller2236@gmail.com,GADGET-08,1,145.71,145.71,credit_card,STORE_120,,,
US1273070,04/29/2025,david.smith7978@outlook.com,GADGET-69,5,67.86,339.3,apple_pay,STORE_101,,,
US1272031,04/29/2025,sam.smith7762@yahoo.com,GADGET-49,5,151.91,759.55,paypal,STORE_103,,,
US1276091,04/29/2025,chris.brown8090@yahoo.com,GADGET-54,4,267.49,1069.96,credit_card,STORE_102,,,
US1269428,04/29/2025,jane.miller4380@outlook.com,GADGET-40,1,166.8,141.78,apple_pay,STORE_112,WELCOME15,15.0,150.0
US1281586,04/29/2025,chris.smith3259@gmail.com,GADGET-41,1,287.07,258.36,credit_card,STORE_111,SAVE10,10.0,100.0
US1280226,04/29/2025,john.williams1832@gmail.com,GADGET-72,3,160.77,482.31,credit_card,STORE_113,,,
US1282203,04/29/2025,john.brown5659@gmail.com,GADGET-52,5,125.35,501.4,apple_pay,STORE_119,SAVE20,20.0,200.0
US1274519,04/29/2025,chris.williams2662@yahoo.com,GADGET-69,1,82.71,82.71,bank_transfer,STORE_109,,,
US1275185,04/29/2025,alex.johnson6801@yahoo.com,GADGET-54,4,93.89,375.56,credit_card,STORE_112,,,
US1269400,04/29/2025,john.johnson439@yahoo.com,GADGET-46,4,52.19,187.88,paypal,STORE_102,SAVE10,10.0,100.0
US1268794,04/29/2025,lisa.miller3229@email.com,GADGET-03,5,74.24,371.2,paypal,STORE_104,,,
US1274437,04/29/2025,john.brown1709@yahoo.com,GADGET-51,3,114.74,344.22,apple_pay,STORE_120,,,
US1277200,04/29/2025,sam.smith9926@gmail.com,GADGET-13,1,111.53,111.53,credit_card,STORE_109,,,
US1279728,04/29/2025,chris.jones2367@email.com,GADGET-14,3,88.05,264.15,bank_transfer,STORE_108,,,
US1275365,04/29/2025,jane.jones3666@outlook.com,GADGET-40,1,127.88,108.7,apple_pay,STORE_115,WELCOME15,15.0,150.0
US1274808,04/29/2025,lisa.miller4846@gmail.com,GADGET-06,2,120.66,205.12,apple_pay,STORE_114,WELCOME15,15.0,150.0
US1281829,04/29/2025,maria.miller4704@yahoo.com,GADGET-38,3,98.19,265.11,bank_transfer,STORE_118,SAVE10,10.0,100.0
US1274975,04/29/2025,sam.johnson192@email.com,GADGET-29,3,44.03,132.09,credit_card,STORE_113,,,
US1269621,04/29/2025,alex.johnson8982@email.com,GADGET-61,2,206.98,413.96,credit_card,STORE_101,,,
US1280996,04/29/2025,jane.williams6400@yahoo.com,GADGET-46,5,260.02,1040.08,paypal,STORE_113,SAVE20,20.0,200.0
US1268670,04/29/2025,jane.williams1121@gmail.com,GADGET-03,3,201.21,603.63,google_pay,STORE_106,,,
US1279579,04/29/2025,chris.miller6075@gmail.com,GADGET-46,1,149.76,112.32,bank_transfer,STORE_117,VIP25,25.0,250.0
US1270351,04/29/2025,john.jones1352@outlook.com,GADGET-72,4,176.98,707.92,paypal,STORE_104,,,
US1273862,04/29/2025,david.jones7354@gmail.com,GADGET-24,2,140.4,280.8,credit_card,STORE_112,,,
US1279714,04/29/2025,lisa.smith4512@gmail.com,GADGET-02,4,136.81,547.24,credit_card,STORE_105,,,
US1275943,04/29/2025,john.williams211@email.com,GADGET-50,3,273.58,820.74,paypal,STORE_119,,,
US1275981,04/29/2025,john.miller4014@outlook.com,GADGET-02,2,151.5,303.0,paypal,STORE_113,,,
US1281173,04/29/2025,maria.miller5662@gmail.com,GADGET-70,1,171.79,137.43,credit_card,STORE_114,SAVE20,20.0,200.0
US1280672,04/29/2025,john.johnson1297@email.com,GADGET-03,4,290.75,1163.0,credit_card,STORE_107,,,
US1280341,04/29/2025,sam.jones1172@yahoo.com,GADGET-32,5,116.44,523.98,paypal,STORE_102,SAVE10,10.0,100.0
US1277725,04/29/2025,maria.johnson3207@email.com,GADGET-03,4,67.97,271.88,credit_card,STORE_115,,,
US1268631,04/29/2025,chris.jones8270@outlook.com,GADGET-17,1,130.13,117.12,google_pay,STORE_111,SAVE10,10.0,100.0
US1275511,04/29/2025,maria.williams7411@outlook.com,GADGET-57,1,151.19,128.51,credit_card,STORE_114,WELCOME15,15.0,150.0
US1269377,04/29/2025,chris.smith9343@gmail.com,GADGET-03,2,290.87,494.48,apple_pay,STORE_110,WELCOME15,15.0,150.0
US1280428,04/29/2025,alex.brown4258@gmail.com,GADGET-15,1,104.91,94.42,bank_transfer,STORE_113,SAVE10,10.0,100.0
US1274424,04/29/2025,lisa.williams8021@yahoo.com,GADGET-12,4,79.9,319.6,bank_transfer,STORE_119,,,
US1272097,04/29/2025,jane.johnson6896@gmail.com,GADGET-38,1,260.61,234.55,apple_pay,STORE_101,SAVE10,10.0,100.0
US1274203,04/29/2025,sam.brown5263@email.com,GADGET-34,3,41.76,106.49,bank_transfer,STORE_103,WELCOME15,15.0,150.0
US1282321,04/29/2025,chris.miller8283@outlook.com,GADGET-21,2,231.27,462.54,google_pay,STORE_110,,,
US1272596,04/29/2025,sam.williams8050@yahoo.com,GADGET-43,4,260.29,1041.16,paypal,STORE_104,,,
US1279090,04/29/2025,jane.miller9602@gmail.com,GADGET-31,2,179.41,287.06,paypal,STORE_115,SAVE20,20.0,200.0
US1269310,04/29/2025,sam.brown4387@email.com,GADGET-65,2,91.45,182.9,google_pay,STORE_116,,,
US1268738,04/29/2025,maria.jones6813@yahoo.com,GADGET-66,3,27.23,69.44,google_pay,STORE_120,WELCOME15,15.0,150.0
US1272707,04/29/2025,john.smith1494@gmail.com,GADGET-57,2,241.58,483.16,google_pay,STORE_112,,,
US1272990,04/29/2025,jane.jones566@email.com,GADGET-15,1,166.55,149.9,google_pay,STORE_106,SAVE10,10.0,100.0
US1272257,04/29/2025,alex.jones5799@outlook.com,GADGET-31,1,273.65,205.24,credit_card,STORE_118,VIP25,25.0,250.0
US1272559,04/29/2025,john.johnson7808@outlook.com,GADGET-36,5,68.26,273.04,apple_pay,STORE_117,SAVE20,20.0,200.0
US1281554,04/29/2025,sam.brown1567@yahoo.com,GADGET-37,3,171.32,385.47,bank_transfer,STORE_119,VIP25,25.0,250.0
US1269121,04/29/2025,alex.jones4346@yahoo.com,GADGET-29,1,174.97,174.97,apple_pay,STORE_103,,,
US1277068,04/29/2025,jane.williams3181@yahoo.com,GADGET-50,1,201.48,201.48,google_pay,STORE_111,,,
US1281068,04/29/2025,jane.jones9725@outlook.com,GADGET-16,4,146.9,587.6,bank_transfer,STORE_109,,,
US1277636,04/29/2025,david.brown664@gmail.com,GADGET-13,1,82.47,82.47,bank_transfer,STORE_113,,,
US1271762,04/29/2025,chris.johnson1732@email.com,GADGET-05,2,260.17,520.34,paypal,STORE_111,,,
US1276261,04/29/2025,jane.johnson8408@yahoo.com,GADGET-60,5,41.99,209.95,paypal,STORE_101,,,
US1269335,04/29/2025,lisa.johnson7545@yahoo.com,GADGET-18,5,140.13,700.65,bank_transfer,STORE_114,,,
US1280937,04/29/2025,sam.jones526@gmail.com,GADGET-07,4,265.15,1060.6,paypal,STORE_102,,,
US1278494,04/29/2025,john.johnson6077@outlook.com,GADGET-05,5,160.83,804.15,apple_pay,STORE_112,,,
US1278741,04/29/2025,chris.brown5744@gmail.com,GADGET-57,4,239.21,813.31,bank_transfer,STORE_107,WELCOME15,15.0,150.0
US1272052,04/29/2025,david.williams8657@yahoo.com,GADGET-66,2,281.39,562.78,apple_pay,STORE_108,,,
US1281904,04/29/2025,chris.smith5618@outlook.com,GADGET-27,1,176.3,149.86,paypal,STORE_102,WELCOME15,15.0,150.0
US1268380,04/29/2025,alex.jones4040@yahoo.com,GADGET-27,5,251.41,1257.05,bank_transfer,STORE_119,,,
US1278062,04/29/2025,david.williams2629@email.com,GADGET-45,3,283.03,849.09,bank_transfer,STORE_102,,,
US1274245,04/29/2025,alex.miller6296@gmail.com,GADGET-27,5,218.38,1091.9,paypal,STORE_113,,,
US1273053,04/29/2025,david.johnson1538@yahoo.com,GADGET-54,5,25.65,109.01,bank_transfer,STORE_119,WELCOME15,15.0,150.0
US1269254,04/29/2025,chris.jones1058@gmail.com,GADGET-33,2,23.46,46.92,bank_transfer,STORE_120,,,
US1279534,04/29/2025,lisa.jones7402@yahoo.com,GADGET-45,4,152.12,486.78,paypal,STORE_101,SAVE20,20.0,200.0
US1274289,04/29/2025,sam.johnson5221@outlook.com,GADGET-77,4,117.26,469.04,apple_pay,STORE_114,,,
US1279004,04/29/2025,jane.brown9643@yahoo.com,GADGET-48,3,154.32,347.22,bank_transfer,STORE_114,VIP25,25.0,250.0
US1272192,04/29/2025,alex.williams469@outlook.com,GADGET-61,3,27.94,75.44,credit_card,STORE_108,SAVE10,10.0,100.0
US1281459,04/29/2025,david.jones5728@gmail.com,GADGET-62,3,90.36,243.97,apple_pay,STORE_109,SAVE10,10.0,100.0
US1269017,04/29/2025,maria.brown2550@email.com,GADGET-73,4,202.47,809.88,apple_pay,STORE_109,,,
US1281435,04/29/2025,maria.brown3617@outlook.com,GADGET-18,5,227.72,910.88,google_pay,STORE_104,SAVE20,20.0,200.0
US1270306,04/29/2025,jane.miller9223@email.com,GADGET-43,1,118.89,118.89,apple_pay,STORE_104,,,
US1273887,04/29/2025,lisa.williams3633@email.com,GADGET-70,1,200.95,160.76,credit_card,STORE_108,SAVE20,20.0,200.0
US1276589,04/29/2025,lisa.johnson584@email.com,GADGET-61,3,257.33,578.99,credit_card,STORE_114,VIP25,25.0,250.0
US1279703,04/29/2025,maria.williams4718@outlook.com,GADGET-47,2,143.4,229.44,paypal,STORE_105,SAVE20,20.0,200.0
US1269537,04/29/2025,david.johnson6988@email.com,GADGET-07,4,24.39,82.93,paypal,STORE_103,WELCOME15,15.0,150.0
US1274596,04/29/2025,chris.jones7890@email.com,GADGET-47,4,267.06,1068.24,google_pay,STORE_118,,,
US1278036,04/29/2025,lisa.williams6697@email.com,GADGET-16,5,295.58,1477.9,apple_pay,STORE_114,,,
US1276600,04/29/2025,jane.johnson3295@gmail.com,GADGET-62,5,204.6,1023.0,apple_pay,STORE_120,,,
US1270536,04/29/2025,sam.brown9015@gmail.com,GADGET-60,3,63.87,191.61,credit_card,STORE_105,,,
US1274150,04/29/2025,john.williams8384@yahoo.com,GADGET-44,4,297.42,1189.68,credit_card,STORE_119,,,
US1275039,04/29/2025,jane.johnson8050@gmail.com,GADGET-50,3,75.21,225.63,google_pay,STORE_119,,,
US1276963,04/29/2025,chris.jones5487@outlook.com,GADGET-22,5,257.98,967.43,bank_transfer,STORE_114,VIP25,25.0,250.0
US1274962,04/29/2025,chris.miller922@yahoo.com,GADGET-08,5,112.81,564.05,apple_pay,STORE_113,,,
US1277116,04/29/2025,jane.brown4409@gmail.com,GADGET-11,2,139.97,279.94,google_pay,STORE_111,,,
US1271148,04/29/2025,david.williams4075@email.com,GADGET-05,2,155.45,264.26,bank_transfer,STORE_107,WELCOME15,15.0,150.0
US1278422,04/29/2025,sam.brown802@outlook.com,GADGET-18,4,60.91,182.73,bank_transfer,STORE_116,VIP25,25.0,250.0
US1281265,04/29/2025,maria.johnson9817@email.com,GADGET-51,2,118.02,236.04,apple_pay,STORE_114,,,
US1278108,04/29/2025,david.miller8747@yahoo.com,GADGET-50,2,215.48,366.32,paypal,STORE_110,WELCOME15,15.0,150.0
US1280143,04/29/2025,maria.smith8286@email.com,GADGET-78,4,148.69,594.76,apple_pay,STORE_112,,,
US1268609,04/29/2025,jane.miller1277@gmail.com,GADGET-25,5,39.68,148.8,google_pay,STORE_108,VIP25,25.0,250.0
US1279844,04/29/2025,john.miller3130@email.com,GADGET-05,5,137.66,550.64,apple_pay,STORE_119,SAVE20,20.0,200.0
US1273343,04/29/2025,david.miller8872@gmail.com,GADGET-52,5,176.56,794.52,paypal,STORE_102,SAVE10,10.0,100.0
US1274265,04/29/2025,john.smith5796@gmail.com,GADGET-41,1,217.91,217.91,paypal,STORE_106,,,
US1279599,04/29/2025,chris.johnson4051@gmail.com,GADGET-55,2,212.95,425.9,bank_transfer,STORE_110,,,
US1275998,04/29/2025,maria.miller3914@yahoo.com,GADGET-13,5,91.38,456.9,bank_transfer,STORE_112,,,
US1269533,04/29/2025,maria.williams58@email.com,GADGET-56,4,252.3,1009.2,paypal,STORE_117,,,
US1281729,04/29/2025,maria.brown8793@yahoo.com,GADGET-27,4,110.31,441.24,credit_card,STORE_113,,,
US1272191,04/29/2025,lisa.johnson1074@outlook.com,GADGET-15,5,49.95,212.29,bank_transfer,STORE_114,WELCOME15,15.0,150.0
US1277321,04/29/2025,john.brown8559@yahoo.com,GADGET-34,4,72.5,232.0,bank_transfer,STORE_118,SAVE20,20.0,200.0
US1276828,04/29/2025,john.smith7916@email.com,GADGET-30,3,43.75,131.25,paypal,STORE_106,,,
US1269706,04/29/2025,david.jones2250@gmail.com,GADGET-51,2,98.77,197.54,apple_pay,STORE_101,,,
US1272729,04/29/2025,sam.miller3820@gmail.com,GADGET-64,3,168.22,504.66,google_pay,STORE_105,,,
US1270767,04/29/2025,chris.miller3042@email.com,GADGET-26,3,244.83,734.49,apple_pay,STORE_102,,,
US1273620,04/29/2025,maria.williams871@gmail.com,GADGET-23,2,46.93,93.86,google_pay,STORE_110,,,
US1279238,04/29/2025,sam.jones7906@email.com,GADGET-76,2,159.12,318.24,google_pay,STORE_105,,,
US1278462,04/29/2025,chris.brown9024@yahoo.com,GADGET-35,4,239.16,956.64,bank_transfer,STORE_117,,,
US1281794,04/29/2025,david.williams3840@email.com,GADGET-77,4,201.51,806.04,apple_pay,STORE_110,,,
US1279738,04/29/2025,lisa.johnson5568@gmail.com,GADGET-48,1,282.62,282.62,apple_pay,STORE_103,,,
US1275006,04/29/2025,lisa.johnson3560@outlook.com,GADGET-53,1,172.94,155.65,credit_card,STORE_111,SAVE10,10.0,100.0
US1275438,04/29/2025,john.smith246@gmail.com,GADGET-56,3,84.37,253.11,google_pay,STORE_108,,,
US1281333,04/29/2025,david.williams5330@gmail.com,GADGET-29,4,146.76,587.04,google_pay,STORE_114,,,
US1274464,04/29/2025,maria.brown1998@outlook.com,GADGET-68,4,290.31,987.05,paypal,STORE_119,WELCOME15,15.0,150.0
US1275290,04/29/2025,jane.brown2231@outlook.com,GADGET-72,2,250.59,426.0,bank_transfer,STORE_109,WELCOME15,15.0,150.0
US1271747,04/29/2025,david.johnson9549@email.com,GADGET-76,1,257.72,231.95,paypal,STORE_111,SAVE10,10.0,100.0
US1275179,04/29/2025,maria.brown1118@gmail.com,GADGET-59,5,113.24,566.2,paypal,STORE_119,,,
US1278925,04/29/2025,lisa.miller9190@gmail.com,GADGET-62,4,87.5,350.0,bank_transfer,STORE_107,,,
US1270359,04/29/2025,jane.miller6204@yahoo.com,GADGET-55,1,200.46,200.46,credit_card,STORE_119,,,
US1274313,04/29/2025,alex.miller1425@yahoo.com,GADGET-56,2,83.69,167.38,paypal,STORE_101,,,
US1274027,04/29/2025,john.johnson7776@outlook.com,GADGET-73,2,236.84,473.68,paypal,STORE_103,,,
US1271821,04/29/2025,sam.brown8239@email.com,GADGET-76,3,43.38,117.13,paypal,STORE_102,SAVE10,10.0,100.0
US1277113,04/29/2025,david.williams474@yahoo.com,GADGET-68,5,210.15,1050.75,paypal,STORE_112,,,
US1274860,04/29/2025,john.jones975@outlook.com,GADGET-65,3,43.7,131.1,paypal,STORE_108,,,
US1268602,04/29/2025,lisa.brown7559@email.com,GADGET-35,5,87.39,436.95,bank_transfer,STORE_106,,,
US1273840,04/29/2025,chris.miller8746@outlook.com,GADGET-24,4,273.95,876.64,paypal,STORE_101,SAVE20,20.0,200.0
US1271361,04/29/2025,john.miller1443@gmail.com,GADGET-45,5,137.03,685.15,credit_card,STORE_113,,,
US1281568,04/29/2025,maria.smith8308@email.com,GADGET-22,5,128.69,643.45,apple_pay,STORE_108,,,
US1274861,04/29/2025,chris.johnson3642@email.com,GADGET-46,2,263.03,526.06,bank_transfer,STORE_110,,,
US1272376,04/29/2025,chris.smith3357@outlook.com,GADGET-40,2,281.56,563.12,paypal,STORE_109,,,
US1268570,04/29/2025,john.brown1045@email.com,GADGET-44,3,71.16,213.48,bank_transfer,STORE_117,,,
US1272613,04/29/2025,alex.brown722@yahoo.com,GADGET-42,5,152.14,760.7,bank_transfer,STORE_104,,,
US1277984,04/29/2025,john.smith3530@gmail.com,GADGET-16,1,72.75,72.75,google_pay,STORE_104,,,
US1279988,04/29/2025,maria.jones9836@yahoo.com,GADGET-01,2,232.98,372.77,credit_card,STORE_112,SAVE20,20.0,200.0
US1274454,04/29/2025,jane.jones7115@outlook.com,GADGET-23,3,68.45,205.35,paypal,STORE_120,,,
US1273655,04/29/2025,lisa.smith7094@email.com,GADGET-68,4,100.28,300.84,credit_card,STORE_107,VIP25,25.0,250.0
US1271177,04/29/2025,lisa.smith9166@email.com,GADGET-07,5,144.6,650.7,bank_transfer,STORE_114,SAVE10,10.0,100.0
US1272492,04/29/2025,maria.johnson982@gmail.com,GADGET-72,5,23.55,100.09,bank_transfer,STORE_115,WELCOME15,15.0,150.0
US1282309,04/29/2025,maria.brown4296@email.com,GADGET-67,4,95.38,324.29,bank_transfer,STORE_102,WELCOME15,15.0,150.0
US1268651,04/29/2025,maria.williams844@yahoo.com,GADGET-30,4,296.77,1187.08,apple_pay,STORE_115,,,
US1280240,04/29/2025,alex.smith8515@gmail.com,GADGET-67,4,234.22,936.88,google_pay,STORE_120,,,
US1275584,04/29/2025,jane.williams6303@email.com,GADGET-58,2,214.37,321.56,paypal,STORE_106,VIP25,25.0,250.0
US1269566,04/29/2025,chris.jones7594@outlook.com,GADGET-74,5,254.56,1272.8,bank_transfer,STORE_101,,,
US1281563,04/29/2025,alex.williams4223@outlook.com,GADGET-77,5,114.31,571.55,apple_pay,STORE_112,,,
US1279008,04/29/2025,lisa.smith2659@outlook.com,GADGET-50,3,202.72,608.16,apple_pay,STORE_116,,,
US1279507,04/29/2025,maria.williams2355@gmail.com,GADGET-35,5,187.81,939.05,credit_card,STORE_102,,,
US1274479,04/29/2025,alex.brown1958@gmail.com,GADGET-66,5,156.88,784.4,google_pay,STORE_116,,,
US1268908,04/29/2025,david.miller6096@yahoo.com,GADGET-19,1,117.27,87.95,bank_transfer,STORE_112,VIP25,25.0,250.0
US1281373,04/29/2025,chris.brown7921@gmail.com,GADGET-37,5,249.52,1247.6,credit_card,STORE_108,,,
US1270303,04/29/2025,alex.smith1765@yahoo.com,GADGET-79,3,132.98,398.94,google_pay,STORE_101,,,
US1276474,04/29/2025,alex.williams2699@yahoo.com,GADGET-08,1,290.19,290.19,apple_pay,STORE_104,,,
US1275209,04/29/2025,jane.williams145@gmail.com,GADGET-01,2,117.23,234.46,credit_card,STORE_115,,,
US1277093,04/29/2025,maria.miller4556@gmail.com,GADGET-53,1,66.16,66.16,google_pay,STORE_112,,,
US1278653,04/29/2025,alex.williams8010@email.com,GADGET-40,1,172.33,146.48,bank_transfer,STORE_112,WELCOME15,15.0,150.0
US1270617,04/29/2025,lisa.johnson7548@email.com,GADGET-11,5,103.76,518.8,google_pay,STORE_112,,,
US1271411,04/29/2025,alex.smith2396@email.com,GADGET-28,3,244.67,734.01,apple_pay,STORE_116,,,
US1281317,04/29/2025,maria.brown1731@outlook.com,GADGET-62,2,43.38,65.07,google_pay,STORE_110,VIP25,25.0,250.0
US1278790,04/29/2025,john.miller3492@yahoo.com,GADGET-15,5,161.22,725.49,apple_pay,STORE_118,SAVE10,10.0,100.0
US1272641,04/29/2025,chris.williams5232@email.com,GADGET-49,5,287.68,1222.64,credit_card,STORE_113,WELCOME15,15.0,150.0
US1274202,04/29/2025,alex.smith6853@yahoo.com,GADGET-69,2,147.02,264.64,apple_pay,STORE_109,SAVE10,10.0,100.0
US1273579,04/29/2025,lisa.johnson1497@outlook.com,GADGET-15,3,63.12,189.36,paypal,STORE_119,,,
US1273026,04/29/2025,david.jones2430@yahoo.com,GADGET-36,1,293.5,293.5,credit_card,STORE_116,,,
US1269901,04/29/2025,chris.johnson1035@outlook.com,GADGET-43,1,59.34,47.47,apple_pay,STORE_117,SAVE20,20.0,200.0
US1278277,04/29/2025,alex.williams4880@yahoo.com,GADGET-79,2,151.53,272.75,paypal,STORE_109,SAVE10,10.0,100.0
US1278849,04/29/2025,lisa.smith3331@gmail.com,GADGET-69,3,159.34,358.51,apple_pay,STORE_108,VIP25,25.0,250.0
US1274521,04/29/2025,david.williams2894@email.com,GADGET-32,3,229.42,688.26,paypal,STORE_106,,,
US1273981,04/29/2025,jane.brown3240@yahoo.com,GADGET-66,1,276.49,276.49,credit_card,STORE_117,,,
US1275361,04/29/2025,chris.brown1362@email.com,GADGET-16,3,135.83,407.49,paypal,STORE_103,,,
US1272157,04/29/2025,chris.brown9742@gmail.com,GADGET-01,1,282.64,254.38,paypal,STORE_120,SAVE10,10.0,100.0
US1270840,04/29/2025,sam.williams6149@gmail.com,GADGET-20,5,34.83,174.15,bank_transfer,STORE_108,,,
US1279184,04/29/2025,david.williams5369@gmail.com,GADGET-26,5,159.27,796.35,google_pay,STORE_115,,,
US1269111,04/29/2025,david.jones7265@yahoo.com,GADGET-05,1,70.01,70.01,apple_pay,STORE_117,,,
US1269427,04/29/2025,maria.miller2293@email.com,GADGET-10,1,252.45,214.58,apple_pay,STORE_107,WELCOME15,15.0,150.0
US1269346,04/29/2025,sam.smith7845@email.com,GADGET-06,4,103.34,413.36,bank_transfer,STORE_112,,,
US1281740,04/29/2025,sam.williams6573@gmail.com,GADGET-37,4,261.91,942.88,google_pay,STORE_103,SAVE10,10.0,100.0
US1274678,04/29/2025,lisa.brown9452@email.com,GADGET-10,4,79.54,318.16,credit_card,STORE_108,,,
US1276723,04/29/2025,jane.johnson4243@email.com,GADGET-78,2,292.24,438.36,paypal,STORE_114,VIP25,25.0,250.0
US1282482,04/29/2025,jane.johnson8398@gmail.com,GADGET-02,1,268.25,268.25,apple_pay,STORE_120,,,
US1273075,04/29/2025,john.miller9026@yahoo.com,GADGET-75,2,151.08,302.16,paypal,STORE_109,,,
US1276849,04/29/2025,lisa.williams4583@email.com,GADGET-33,3,127.27,381.81,paypal,STORE_116,,,
US1272161,04/29/2025,chris.miller4349@gmail.com,GADGET-21,4,24.88,99.52,paypal,STORE_109,,,
US1272756,04/29/2025,david.johnson9751@yahoo.com,GADGET-13,2,99.23,198.46,google_pay,STORE_109,,,
US1272168,04/29/2025,chris.williams2255@gmail.com,GADGET-41,5,113.16,565.8,apple_pay,STORE_110,,,
US1277558,04/29/2025,maria.brown4861@yahoo.com,GADGET-58,3,99.5,298.5,apple_pay,STORE_106,,,
US1278413,04/29/2025,maria.johnson7005@yahoo.com,GADGET-70,4,84.75,339.0,google_pay,STORE_120,,,
US1273468,04/29/2025,maria.jones6481@gmail.com,GADGET-52,2,151.28,302.56,apple_pay,STORE_116,,,
US1278110,04/29/2025,jane.brown6931@yahoo.com,GADGET-73,4,154.15,554.94,apple_pay,STORE_102,SAVE10,10.0,100.0
US1270539,04/29/2025,chris.brown8516@outlook.com,GADGET-14,5,173.26,649.72,google_pay,STORE_109,VIP25,25.0,250.0
US1268869,04/29/2025,maria.williams6083@outlook.com,GADGET-53,1,198.92,198.92,credit_card,STORE_115,,,
US1273537,04/29/2025,jane.williams7090@outlook.com,GADGET-16,1,121.92,91.44,paypal,STORE_120,VIP25,25.0,250.0
US1279242,04/29/2025,john.miller5638@email.com,GADGET-16,4,276.7,996.12,google_pay,STORE_120,SAVE10,10.0,100.0
US1279562,04/29/2025,lisa.miller3099@outlook.com,GADGET-16,5,22.29,111.45,google_pay,STORE_101,,,
US1274124,04/29/2025,sam.johnson1595@outlook.com,GADGET-31,4,262.89,1051.56,google_pay,STORE_108,,,
US1270930,04/29/2025,david.jones6860@yahoo.com,GADGET-76,3,271.84,815.52,apple_pay,STORE_120,,,
US1273245,04/29/2025,chris.smith8245@gmail.com,GADGET-06,1,80.2,80.2,google_pay,STORE_115,,,
US1269119,04/29/2025,chris.smith4943@email.com,GADGET-40,3,111.34,334.02,paypal,STORE_103,,,
US1280923,04/29/2025,alex.jones3622@gmail.com,GADGET-03,3,290.58,653.81,google_pay,STORE_102,VIP25,25.0,250.0
US1271408,04/29/2025,sam.smith949@gmail.com,GADGET-38,3,153.13,367.51,credit_card,STORE_112,SAVE20,20.0,200.0
US1280496,04/29/2025,maria.miller812@yahoo.com,GADGET-61,4,82.78,331.12,credit_card,STORE_112,,,
US1270715,04/29/2025,david.williams160@outlook.com,GADGET-72,2,236.8,473.6,google_pay,STORE_107,,,
US1271505,04/29/2025,jane.williams5502@gmail.com,GADGET-05,5,140.93,634.19,credit_card,STORE_102,SAVE10,10.0,100.0
US1269997,04/29/2025,david.brown8878@gmail.com,GADGET-20,3,36.95,99.77,credit_card,STORE_109,SAVE10,10.0,100.0
US1277123,04/29/2025,maria.johnson7655@email.com,GADGET-31,2,192.64,385.28,credit_card,STORE_109,,,
US1270918,04/29/2025,lisa.miller2164@gmail.com,GADGET-71,2,48.16,96.32,apple_pay,STORE_108,,,
US1281391,04/29/2025,sam.johnson1869@gmail.com,GADGET-11,4,48.29,193.16,paypal,STORE_101,,,
US1277515,04/29/2025,john.williams4873@email.com,GADGET-79,3,101.45,304.35,credit_card,STORE_110,,,
US1272986,04/29/2025,sam.johnson5115@gmail.com,GADGET-63,2,288.16,576.32,bank_transfer,STORE_102,,,
US1279792,04/29/2025,alex.miller6210@yahoo.com,GADGET-61,5,51.77,258.85,apple_pay,STORE_114,,,
US1268262,04/29/2025,sam.smith7254@gmail.com,GADGET-34,4,50.7,202.8,google_pay,STORE_115,,,
US1275116,04/29/2025,david.smith6082@outlook.com,GADGET-21,1,49.54,44.59,paypal,STORE_114,SAVE10,10.0,100.0
US1275988,04/29/2025,maria.johnson9925@email.com,GADGET-65,1,268.79,241.91,bank_transfer,STORE_117,SAVE10,10.0,100.0
US1282110,04/29/2025,sam.brown1027@gmail.com,GADGET-30,1,261.86,196.4,bank_transfer,STORE_111,VIP25,25.0,250.0
US1278578,04/29/2025,david.miller1599@outlook.com,GADGET-78,2,153.05,244.88,bank_transfer,STORE_107,SAVE20,20.0,200.0
US1268700,04/29/2025,alex.williams8204@outlook.com,GADGET-60,4,100.46,401.84,apple_pay,STORE_108,,,
US1277282,04/29/2025,maria.jones9310@email.com,GADGET-48,4,59.61,190.75,apple_pay,STORE_106,SAVE20,20.0,200.0
US1268983,04/29/2025,alex.johnson6787@gmail.com,GADGET-68,5,167.86,755.37,bank_transfer,STORE_112,SAVE10,10.0,100.0
US1270929,04/29/2025,alex.williams7620@gmail.com,GADGET-09,4,243.34,973.36,paypal,STORE_118,,,
US1281238,04/29/2025,sam.miller2011@yahoo.com,GADGET-19,1,123.19,110.87,bank_transfer,STORE_103,SAVE10,10.0,100.0
US1279683,04/29/2025,lisa.williams5792@yahoo.com,GADGET-17,2,172.56,345.12,bank_transfer,STORE_107,,,
US1277459,04/29/2025,john.miller1717@yahoo.com,GADGET-10,4,285.3,1141.2,paypal,STORE_101,,,
US1269719,04/29/2025,david.miller697@outlook.com,GADGET-29,1,79.1,79.1,apple_pay,STORE_117,,,
US1280071,04/29/2025,maria.brown7146@outlook.com,GADGET-72,2,175.6,351.2,credit_card,STORE_120,,,
US1274307,04/29/2025,jane.jones7298@email.com,GADGET-29,5,40.38,201.9,paypal,STORE_105,,,
US1280254,04/29/2025,jane.johnson1637@outlook.com,GADGET-07,2,183.24,311.51,apple_pay,STORE_101,WELCOME15,15.0,150.0
US1274262,04/29/2025,chris.williams2975@email.com,GADGET-60,3,81.4,244.2,apple_pay,STORE_105,,,
US1280610,04/29/2025,john.williams1579@yahoo.com,GADGET-34,3,27.81,83.43,google_pay,STORE_109,,,
US1276014,04/29/2025,jane.miller9360@outlook.com,GADGET-71,2,217.82,348.51,bank_transfer,STORE_106,SAVE20,20.0,200.0
US1274099,04/29/2025,sam.brown9100@yahoo.com,GADGET-51,1,42.28,38.05,apple_pay,STORE_114,SAVE10,10.0,100.0
US1280635,04/29/2025,jane.williams3227@outlook.com,GADGET-21,3,247.08,741.24,google_pay,STORE_102,,,
US1273551,04/29/2025,david.johnson7063@gmail.com,GADGET-46,3,297.72,893.16,apple_pay,STORE_111,,,
US1269514,04/29/2025,jane.williams8895@email.com,GADGET-58,1,269.02,269.02,credit_card,STORE_115,,,
US1269484,04/29/2025,alex.miller1870@outlook.com,GADGET-44,5,180.82,904.1,apple_pay,STORE_107,,,
US1271853,04/29/2025,lisa.brown1078@gmail.com,GADGET-68,1,281.92,281.92,paypal,STORE_101,,,
US1282261,04/29/2025,david.smith9592@email.com,GADGET-42,5,185.44,741.76,bank_transfer,STORE_105,SAVE20,20.0,200.0
US1281882,04/29/2025,john.jones8365@outlook.com,GADGET-52,2,147.46,221.19,google_pay,STORE_105,VIP25,25.0,250.0
US1279583,04/29/2025,alex.jones3284@outlook.com,GADGET-40,3,35.2,84.48,paypal,STORE_104,SAVE20,20.0,200.0
US1279147,04/29/2025,chris.miller2099@gmail.com,GADGET-39,5,123.07,523.05,bank_transfer,STORE_107,WELCOME15,15.0,150.0
US1276504,04/29/2025,maria.williams50@gmail.com,GADGET-72,2,96.49,154.38,google_pay,STORE_101,SAVE20,20.0,200.0
US1280191,04/29/2025,chris.johnson5724@email.com,GADGET-62,4,199.61,798.44,paypal,STORE_107,,,
US1272312,04/29/2025,alex.smith4853@outlook.com,GADGET-27,4,198.79,795.16,paypal,STORE_102,,,
US1272296,04/29/2025,chris.brown2006@yahoo.com,GADGET-28,1,193.41,193.41,apple_pay,STORE_107,,,
US1275711,04/29/2025,john.miller4587@outlook.com,GADGET-35,1,196.41,166.95,apple_pay,STORE_102,WELCOME15,15.0,150.0
US1273037,04/29/2025,lisa.williams2402@yahoo.com,GADGET-30,5,242.92,1214.6,bank_transfer,STORE_107,,,
US1278719,04/29/2025,sam.williams3251@yahoo.com,GADGET-26,1,74.8,63.58,google_pay,STORE_109,WELCOME15,15.0,150.0
US1277144,04/29/2025,lisa.smith4266@yahoo.com,GADGET-11,1,71.6,71.6,bank_transfer,STORE_104,,,
US1268834,04/29/2025,john.miller6766@yahoo.com,GADGET-20,2,253.74,507.48,bank_transfer,STORE_102,,,
US1271475,04/29/2025,sam.brown9522@gmail.com,GADGET-11,2,234.07,397.92,bank_transfer,STORE_112,WELCOME15,15.0,150.0
US1270025,04/29/2025,alex.brown1323@yahoo.com,GADGET-17,2,173.86,347.72,google_pay,STORE_114,,,
US1271983,04/29/2025,john.miller548@gmail.com,GADGET-44,3,105.83,317.49,paypal,STORE_111,,,
US1278058,04/29/2025,david.jones560@outlook.com,GADGET-53,5,285.0,1425.0,apple_pay,STORE_112,,,
US1272367,04/29/2025,sam.smith6969@email.com,GADGET-59,5,221.53,1107.65,paypal,STORE_110,,,
US1274589,04/29/2025,lisa.jones3229@yahoo.com,GADGET-76,1,220.87,220.87,bank_transfer,STORE_104,,,
US1278161,04/29/2025,maria.miller8829@gmail.com,GADGET-70,5,148.64,743.2,paypal,STORE_102,,,
US1278143,04/29/2025,lisa.smith6611@gmail.com,GADGET-09,2,48.42,96.84,bank_transfer,STORE_105,,,
US1270130,04/29/2025,john.jones5235@yahoo.com,GADGET-57,5,284.2,1421.0,google_pay,STORE_109,,,
US1271186,04/29/2025,jane.jones970@outlook.com,GADGET-62,2,144.95,289.9,credit_card,STORE_114,,,
US1268311,04/29/2025,sam.smith1510@yahoo.com,GADGET-16,4,133.4,533.6,apple_pay,STORE_112,,,
US1278738,04/29/2025,chris.jones2855@yahoo.com,GADGET-73,5,215.41,915.49,apple_pay,STORE_120,WELCOME15,15.0,150.0
US1280195,04/29/2025,lisa.williams2284@email.com,GADGET-31,5,24.77,92.89,google_pay,STORE_120,VIP25,25.0,250.0
US1271745,04/29/2025,jane.jones2410@gmail.com,GADGET-54,3,75.42,203.63,paypal,STORE_111,SAVE10,10.0,100.0
US1275857,04/29/2025,jane.miller7803@yahoo.com,GADGET-20,3,121.84,292.42,google_pay,STORE_120,SAVE20,20.0,200.0
US1273790,04/29/2025,alex.johnson8574@outlook.com,GADGET-49,3,89.45,268.35,bank_transfer,STORE_102,,,
US1269183,04/29/2025,john.jones8172@yahoo.com,GADGET-25,2,258.75,517.5,paypal,STORE_119,,,
US1272589,04/29/2025,jane.miller1015@gmail.com,GADGET-14,5,264.38,1057.52,bank_transfer,STORE_109,SAVE20,20.0,200.0
US1269567,04/29/2025,john.williams19@email.com,GADGET-06,2,68.3,136.6,apple_pay,STORE_113,,,
US1279357,04/29/2025,chris.smith5468@email.com,GADGET-18,1,23.22,23.22,credit_card,STORE_104,,,
US1274755,04/29/2025,lisa.jones3113@gmail.com,GADGET-76,4,234.97,939.88,apple_pay,STORE_108,,,
US1270681,04/29/2025,lisa.smith4883@outlook.com,GADGET-50,4,203.04,812.16,apple_pay,STORE_119,,,
US1279861,04/29/2025,chris.williams8934@yahoo.com,GADGET-49,2,293.51,587.02,google_pay,STORE_111,,,
US1279339,04/29/2025,chris.smith2279@email.com,GADGET-72,3,158.57,475.71,bank_transfer,STORE_118,,,
US1277939,04/29/2025,david.smith6433@yahoo.com,GADGET-79,2,189.4,378.8,paypal,STORE_116,,,
US1280540,04/29/2025,jane.johnson4093@outlook.com,GADGET-55,5,53.65,228.01,paypal,STORE_103,WELCOME15,15.0,150.0
US1272215,04/29/2025,lisa.miller4770@gmail.com,GADGET-57,4,115.7,393.38,apple_pay,STORE_108,WELCOME15,15.0,150.0
US1280522,04/29/2025,sam.brown4676@outlook.com,GADGET-58,1,230.06,230.06,paypal,STORE_115,,,
US1281026,04/29/2025,chris.smith8174@email.com,GADGET-78,2,60.56,109.01,apple_pay,STORE_120,SAVE10,10.0,100.0
US1277377,04/29/2025,maria.jones357@outlook.com,GADGET-10,5,30.36,136.62,apple_pay,STORE_113,SAVE10,10.0,100.0
US1270762,04/29/2025,alex.miller8232@gmail.com,GADGET-34,2,110.17,220.34,apple_pay,STORE_113,,,
US1281736,04/29/2025,sam.brown5346@gmail.com,GADGET-69,3,81.29,195.1,credit_card,STORE_102,SAVE20,20.0,200.0
US1268521,04/29/2025,chris.smith3539@yahoo.com,GADGET-34,1,85.2,63.9,google_pay,STORE_106,VIP25,25.0,250.0
US1276154,04/29/2025,sam.brown16@email.com,GADGET-11,5,153.94,654.25,paypal,STORE_107,WELCOME15,15.0,150.0
US1277664,04/29/2025,chris.smith667@email.com,GADGET-77,4,48.04,192.16,google_pay,STORE_112,,,
US1274325,04/29/2025,alex.williams1468@gmail.com,GADGET-26,2,28.57,57.14,credit_card,STORE_108,,,
US1273535,04/29/2025,jane.brown4022@yahoo.com,GADGET-76,4,171.46,685.84,google_pay,STORE_107,,,
US1278174,04/29/2025,lisa.brown1036@outlook.com,GADGET-21,1,127.48,127.48,credit_card,STORE_120,,,
US1270904,04/29/2025,alex.jones4331@yahoo.com,GADGET-35,5,169.48,847.4,paypal,STORE_115,,,
US1272814,04/29/2025,jane.smith8843@outlook.com,GADGET-24,2,222.66,445.32,bank_transfer,STORE_102,,,
US1270447,04/29/2025,alex.williams7566@gmail.com,GADGET-63,2,299.67,539.41,paypal,STORE_110,SAVE10,10.0,100.0
US1277670,04/29/2025,maria.brown4139@email.com,GADGET-34,2,59.88,107.78,apple_pay,STORE_118,SAVE10,10.0,100.0
US1280507,04/29/2025,maria.smith9491@outlook.com,GADGET-35,1,166.44,133.15,paypal,STORE_117,SAVE20,20.0,200.0
US1279075,04/29/2025,sam.smith5526@email.com,GADGET-64,1,77.66,77.66,credit_card,STORE_107,,,
US1276959,04/29/2025,alex.brown1355@gmail.com,GADGET-53,3,227.35,682.05,paypal,STORE_114,,,
US1272226,04/29/2025,jane.jones7114@email.com,GADGET-21,1,93.34,93.34,bank_transfer,STORE_105,,,
US1279054,04/29/2025,lisa.brown5430@yahoo.com,GADGET-21,5,216.65,1083.25,paypal,STORE_118,,,
US1279799,04/29/2025,john.williams5350@yahoo.com,GADGET-43,4,222.79,891.16,paypal,STORE_107,,,
US1273550,04/29/2025,sam.smith6024@gmail.com,GADGET-24,3,203.18,487.63,bank_transfer,STORE_120,SAVE20,20.0,200.0
US1276305,04/29/2025,david.miller7435@gmail.com,GADGET-24,4,244.01,976.04,google_pay,STORE_103,,,
US1279574,04/29/2025,david.jones6519@yahoo.com,GADGET-35,3,102.61,246.26,apple_pay,STORE_107,SAVE20,20.0,200.0
US1274340,04/29/2025,jane.johnson9492@gmail.com,GADGET-48,5,20.71,103.55,google_pay,STORE_115,,,
US1275287,04/29/2025,chris.jones995@yahoo.com,GADGET-04,2,275.88,496.58,credit_card,STORE_101,SAVE10,10.0,100.0
US1271675,04/29/2025,sam.brown7913@outlook.com,GADGET-75,5,103.38,413.52,bank_transfer,STORE_115,SAVE20,20.0,200.0
US1276179,04/29/2025,chris.williams4389@outlook.com,GADGET-40,2,114.77,229.54,google_pay,STORE_104,,,
US1270969,04/29/2025,lisa.miller5138@yahoo.com,GADGET-08,1,218.56,185.78,apple_pay,STORE_109,WELCOME15,15.0,150.0
US1272112,04/29/2025,chris.smith288@gmail.com,GADGET-70,3,95.04,242.35,apple_pay,STORE_118,WELCOME15,15.0,150.0
US1275908,04/29/2025,maria.brown8026@outlook.com,GADGET-72,3,148.26,333.58,bank_transfer,STORE_107,VIP25,25.0,250.0
US1272342,04/29/2025,sam.williams1218@yahoo.com,GADGET-38,4,228.05,775.37,google_pay,STORE_106,WELCOME15,15.0,150.0
US1270075,04/29/2025,sam.smith502@yahoo.com,GADGET-15,1,115.8,115.8,apple_pay,STORE_107,,,
US1277161,04/29/2025,sam.johnson4902@yahoo.com,GADGET-79,5,34.77,139.08,google_pay,STORE_105,SAVE20,20.0,200.0
US1280480,04/29/2025,chris.smith3424@gmail.com,GADGET-36,3,196.63,589.89,google_pay,STORE_119,,,
US1278897,04/29/2025,alex.smith8695@yahoo.com,GADGET-06,5,138.1,690.5,google_pay,STORE_111,,,
US1280997,04/29/2025,maria.smith27@gmail.com,GADGET-23,3,278.0,834.0,google_pay,STORE_115,,,
US1277134,04/29/2025,john.johnson1187@yahoo.com,GADGET-04,5,53.21,266.05,apple_pay,STORE_112,,,
US1278301,04/29/2025,john.williams4077@gmail.com,GADGET-47,4,188.23,752.92,apple_pay,STORE_118,,,
US1273771,04/29/2025,lisa.jones192@yahoo.com,GADGET-16,2,246.73,493.46,bank_transfer,STORE_101,,,
US1275611,04/29/2025,maria.miller2067@email.com,GADGET-63,5,270.52,1352.6,paypal,STORE_104,,,
US1268404,04/29/2025,jane.miller5693@gmail.com,GADGET-45,1,263.34,263.34,bank_transfer,STORE_111,,,
US1268323,04/29/2025,chris.brown7269@gmail.com,GADGET-12,4,51.84,186.62,google_pay,STORE_117,SAVE10,10.0,100.0
US1278814,04/29/2025,chris.johnson2743@email.com,GADGET-38,3,47.73,121.71,paypal,STORE_107,WELCOME15,15.0,150.0
US1270978,04/29/2025,jane.jones7772@email.com,GADGET-61,4,97.13,388.52,bank_transfer,STORE_119,,,
US1273331,04/29/2025,alex.brown540@gmail.com,GADGET-63,3,239.8,719.4,bank_transfer,STORE_101,,,
US1282397,04/29/2025,jane.jones3791@email.com,GADGET-21,5,283.82,1419.1,credit_card,STORE_106,,,
US1278652,04/29/2025,chris.johnson7665@gmail.com,GADGET-56,2,258.59,517.18,credit_card,STORE_118,,,
US1277990,04/29/2025,alex.miller2978@gmail.com,GADGET-46,5,249.21,934.54,google_pay,STORE_105,VIP25,25.0,250.0
US1268418,04/29/2025,john.miller1205@email.com,GADGET-66,2,221.15,398.07,paypal,STORE_103,SAVE10,10.0,100.0
US1279988,04/29/2025,maria.jones9836@yahoo.com,GADGET-01,2,232.98,372.77,credit_card,STORE_112,SAVE20,20.0,200.0
US1281669,04/29/2025,john.brown5272@outlook.com,GADGET-23,1,237.45,237.45,google_pay,STORE_110,,,
US1275880,04/29/2025,lisa.smith6807@yahoo.com,GADGET-20,1,135.78,135.78,credit_card,STORE_112,,,
US1269612,04/29/2025,chris.miller9705@email.com,GADGET-40,3,63.55,190.65,paypal,STORE_114,,,
US1275937,04/29/2025,john.williams1307@outlook.com,GADGET-02,4,105.42,358.43,credit_card,STORE_108,WELCOME15,15.0,150.0
US1275835,04/29/2025,chris.jones8835@email.com,GADGET-34,2,154.85,309.7,bank_transfer,STORE_107,,,
US1281357,04/29/2025,chris.johnson104@outlook.com,GADGET-52,1,198.3,198.3,paypal,STORE_120,,,
US1269939,04/29/2025,alex.jones4074@gmail.com,GADGET-60,3,186.06,558.18,bank_transfer,STORE_119,,,
US1275231,04/29/2025,john.miller2705@email.com,GADGET-06,3,90.38,271.14,google_pay,STORE_110,,,
US1280111,04/29/2025,lisa.jones5827@gmail.com,GADGET-37,5,286.81,1434.05,paypal,STORE_104,,,
US1270675,04/29/2025,lisa.williams5016@outlook.com,GADGET-39,3,101.54,304.62,bank_transfer,STORE_110,,,
US1270887,04/29/2025,maria.miller211@outlook.com,GADGET-45,5,285.64,1428.2,bank_transfer,STORE_102,,,
US1276770,04/29/2025,alex.williams7555@email.com,GADGET-06,4,61.54,184.62,google_pay,STORE_107,VIP25,25.0,250.0
US1279038,04/29/2025,david.miller9068@outlook.com,GADGET-52,3,120.58,361.74,paypal,STORE_102,,,
US1271404,04/29/2025,jane.brown7892@yahoo.com,GADGET-01,1,227.87,182.3,credit_card,STORE_107,SAVE20,20.0,200.0
US1278363,04/29/2025,jane.williams7506@gmail.com,GADGET-10,3,297.04,891.12,apple_pay,STORE_111,,,
US1278565,04/29/2025,david.johnson4870@outlook.com,GADGET-41,5,239.27,1196.35,apple_pay,STORE_119,,,
US1281172,04/29/2025,alex.brown9772@outlook.com,GADGET-78,3,22.51,50.65,google_pay,STORE_115,VIP25,25.0,250.0
US1269314,04/29/2025,sam.smith4013@gmail.com,GADGET-06,2,224.3,448.6,google_pay,STORE_105,,,
US1281935,04/29/2025,david.williams3899@yahoo.com,GADGET-25,1,183.44,183.44,google_pay,STORE_110,,,
US1272286,04/29/2025,alex.brown2590@outlook.com,GADGET-64,5,248.46,993.84,paypal,STORE_102,SAVE20,20.0,200.0
US1279827,04/29/2025,alex.jones9464@outlook.com,GADGET-04,1,278.84,209.13,credit_card,STORE_117,VIP25,25.0,250.0
US1277353,04/29/2025,chris.miller7822@gmail.com,GADGET-14,3,63.37,190.11,google_pay,STORE_112,,,
US1275349,04/29/2025,lisa.smith3777@email.com,GADGET-09,4,238.09,952.36,google_pay,STORE_109,,,
US1270086,04/29/2025,maria.brown9397@email.com,GADGET-17,5,32.63,122.36,credit_card,STORE_109,VIP25,25.0,250.0
US1275995,04/29/2025,maria.williams2884@outlook.com,GADGET-50,1,248.39,248.39,google_pay,STORE_117,,,
US1268258,04/29/2025,jane.johnson7980@outlook.com,GADGET-07,5,125.71,471.41,google_pay,STORE_105,VIP25,25.0,250.0
US1279889,04/29/2025,john.smith7923@email.com,GADGET-64,3,78.8,236.4,google_pay,STORE_119,,,
US1279280,04/29/2025,chris.miller6530@gmail.com,GADGET-37,4,144.53,578.12,google_pay,STORE_110,,,
US1278558,04/29/2025,lisa.brown6625@gmail.com,GADGET-22,1,288.93,288.93,paypal,STORE_114,,,
US1268998,04/29/2025,sam.miller8974@gmail.com,GADGET-34,5,246.53,1109.39,apple_pay,STORE_109,SAVE10,10.0,100.0
US1275145,04/29/2025,sam.miller8675@gmail.com,GADGET-38,4,214.44,857.76,google_pay,STORE_105,,,
US1269396,04/29/2025,maria.miller5112@gmail.com,GADGET-56,1,21.37,21.37,google_pay,STORE_103,,,
US1272353,04/29/2025,lisa.brown7767@outlook.com,GADGET-16,1,189.38,142.03,paypal,STORE_118,VIP25,25.0,250.0
US1278518,04/29/2025,maria.williams8493@email.com,GADGET-68,2,221.08,331.62,paypal,STORE_106,VIP25,25.0,250.0
US1282333,04/29/2025,john.williams4113@gmail.com,GADGET-65,3,76.69,230.07,apple_pay,STORE_116,,,
US1268264,04/29/2025,jane.miller7453@gmail.com,GADGET-65,1,261.56,209.25,google_pay,STORE_110,SAVE20,20.0,200.0
US1282301,04/29/2025,john.miller3863@outlook.com,GADGET-45,3,93.63,238.76,credit_card,STORE_112,WELCOME15,15.0,150.0
US1277750,04/29/2025,john.williams2010@email.com,GADGET-01,4,152.33,487.46,bank_transfer,STORE_116,SAVE20,20.0,200.0
US1269949,04/29/2025,david.johnson6372@outlook.com,GADGET-18,1,174.39,174.39,apple_pay,STORE_103,,,
US1275997,04/29/2025,sam.brown6795@yahoo.com,GADGET-62,3,128.8,386.4,google_pay,STORE_115,,,
US1268746,04/29/2025,chris.brown6302@email.com,GADGET-49,1,170.51,153.46,paypal,STORE_106,SAVE10,10.0,100.0
US1268771,04/29/2025,david.miller5823@yahoo.com,GADGET-26,3,243.28,729.84,apple_pay,STORE_104,,,
US1280695,04/29/2025,sam.miller1815@email.com,GADGET-11,3,70.06,210.18,google_pay,STORE_115,,,
US1269917,04/29/2025,alex.smith7893@email.com,GADGET-28,2,236.27,472.54,apple_pay,STORE_116,,,
US1275840,04/29/2025,sam.jones3997@yahoo.com,GADGET-40,3,269.71,809.13,google_pay,STORE_105,,,
US1279940,04/29/2025,jane.jones1851@outlook.com,GADGET-38,3,61.12,146.69,credit_card,STORE_104,SAVE20,20.0,200.0
US1281693,04/29/2025,alex.johnson9684@gmail.com,GADGET-73,3,164.53,394.87,google_pay,STORE_109,SAVE20,20.0,200.0
US1276400,04/29/2025,lisa.williams9377@email.com,GADGET-39,3,43.19,110.13,apple_pay,STORE_106,WELCOME15,15.0,150.0
US1276676,04/29/2025,sam.johnson1026@yahoo.com,GADGET-12,4,187.01,673.24,google_pay,STORE_111,SAVE10,10.0,100.0
US1271395,04/29/2025,david.williams7182@yahoo.com,GADGET-70,1,82.85,70.42,google_pay,STORE_119,WELCOME15,15.0,150.0
US1270468,04/29/2025,jane.brown9228@gmail.com,GADGET-58,4,200.08,800.32,google_pay,STORE_102,,,
US1272168,04/29/2025,chris.williams2255@gmail.com,GADGET-41,5,113.16,565.8,apple_pay,STORE_110,,,
US1271400,04/29/2025,alex.brown4093@gmail.com,GADGET-51,2,195.64,391.28,credit_card,STORE_108,,,
US1278061,04/29/2025,maria.williams6618@outlook.com,GADGET-40,2,107.89,172.62,credit_card,STORE_120,SAVE20,20.0,200.0
US1268543,04/29/2025,chris.brown2986@email.com,GADGET-67,3,248.25,633.04,apple_pay,STORE_105,WELCOME15,15.0,150.0
US1280110,04/29/2025,chris.brown8714@yahoo.com,GADGET-49,4,29.73,118.92,apple_pay,STORE_115,,,
US1275585,04/29/2025,chris.brown8052@outlook.com,GADGET-54,5,170.29,851.45,paypal,STORE_114,,,
US1275008,04/29/2025,john.johnson1060@gmail.com,GADGET-52,5,47.57,202.17,apple_pay,STORE_107,WELCOME15,15.0,150.0
US1282365,04/29/2025,lisa.miller9527@yahoo.com,GADGET-40,4,292.78,1171.12,apple_pay,STORE_119,,,
US1280335,04/29/2025,alex.johnson4783@email.com,GADGET-50,5,114.31,571.55,bank_transfer,STORE_106,,,
US1281516,04/29/2025,lisa.johnson5327@yahoo.com,GADGET-55,1,199.54,159.63,paypal,STORE_109,SAVE20,20.0,200.0
US1270411,04/29/2025,jane.brown5395@gmail.com,GADGET-69,2,274.05,465.88,bank_transfer,STORE_116,WELCOME15,15.0,150.0
US1278271,04/29/2025,chris.smith8960@yahoo.com,GADGET-24,3,30.83,92.49,paypal,STORE_117,,,
US1272835,04/29/2025,david.brown5863@yahoo.com,GADGET-47,2,199.57,399.14,apple_pay,STORE_103,,,
US1276999,04/29/2025,lisa.smith4908@email.com,GADGET-34,4,171.72,686.88,credit_card,STORE_103,,,
US1280004,04/29/2025,chris.jones1441@email.com,GADGET-17,3,296.73,756.66,bank_transfer,STORE_109,WELCOME15,15.0,150.0
US1277384,04/29/2025,sam.smith6409@yahoo.com,GADGET-57,5,238.56,1192.8,google_pay,STORE_117,,,
US1279664,04/29/2025,david.miller2648@outlook.com,GADGET-11,5,88.02,352.08,paypal,STORE_106,SAVE20,20.0,200.0
US1268303,04/29/2025,lisa.williams1969@email.com,GADGET-12,1,181.0,181.0,google_pay,STORE_111,,,
US1282394,04/29/2025,jane.smith9918@yahoo.com,GADGET-61,5,112.51,421.91,apple_pay,STORE_120,VIP25,25.0,250.0
US1272099,04/29/2025,lisa.jones3177@yahoo.com,GADGET-73,1,243.61,182.71,bank_transfer,STORE_108,VIP25,25.0,250.0
US1278503,04/29/2025,lisa.johnson1672@gmail.com,GADGET-68,3,103.03,231.82,credit_card,STORE_113,VIP25,25.0,250.0
US1271342,04/29/2025,chris.miller4651@outlook.com,GADGET-70,5,98.15,490.75,google_pay,STORE_107,,,
US1275961,04/29/2025,alex.jones353@yahoo.com,GADGET-67,4,105.74,422.96,paypal,STORE_111,,,
US1268633,04/29/2025,david.johnson9474@yahoo.com,GADGET-29,2,187.22,374.44,credit_card,STORE_104,,,
US1279627,04/29/2025,jane.williams66@yahoo.com,GADGET-07,3,276.62,622.39,paypal,STORE_108,VIP25,25.0,250.0
US1273238,04/29/2025,maria.smith7046@email.com,GADGET-63,1,157.77,157.77,google_pay,STORE_105,,,
US1277267,04/29/2025,jane.miller5028@gmail.com,GADGET-79,5,298.31,1491.55,paypal,STORE_108,,,
US1275522,04/29/2025,sam.jones6794@yahoo.com,GADGET-49,1,80.54,80.54,google_pay,STORE_109,,,
US1280906,04/29/2025,chris.johnson9630@gmail.com,GADGET-49,1,109.16,98.24,paypal,STORE_104,SAVE10,10.0,100.0
US1271235,04/29/2025,chris.jones6142@outlook.com,GADGET-50,1,126.34,94.75,apple_pay,STORE_112,VIP25,25.0,250.0
US1277685,04/29/2025,maria.jones9785@email.com,GADGET-22,3,274.87,824.61,credit_card,STORE_116,,,
US1272816,04/29/2025,jane.johnson4689@email.com,GADGET-11,1,97.88,97.88,google_pay,STORE_112,,,
US1279535,04/29/2025,david.jones6552@yahoo.com,GADGET-78,1,60.35,60.35,google_pay,STORE_115,,,
US1282039,04/29/2025,lisa.miller5186@outlook.com,GADGET-69,1,151.24,120.99,paypal,STORE_110,SAVE20,20.0,200.0
US1277077,04/29/2025,maria.jones2405@yahoo.com,GADGET-36,5,163.17,611.89,google_pay,STORE_101,VIP25,25.0,250.0
US1274311,04/29/2025,maria.johnson5736@outlook.com,GADGET-47,1,101.11,101.11,bank_transfer,STORE_117,,,
US1279660,04/29/2025,jane.brown7289@outlook.com,GADGET-20,3,195.24,585.72,google_pay,STORE_106,,,
US1280094,04/29/2025,maria.miller3386@email.com,GADGET-48,5,141.31,706.55,credit_card,STORE_102,,,
US1277003,04/29/2025,sam.miller9893@gmail.com,GADGET-27,1,56.86,56.86,paypal,STORE_102,,,
US1269129,04/29/2025,sam.williams2517@outlook.com,GADGET-05,1,98.45,98.45,apple_pay,STORE_110,,,
US1280669,04/29/2025,john.smith2257@email.com,GADGET-69,3,242.34,654.32,paypal,STORE_110,SAVE10,10.0,100.0
US1269083,04/29/2025,john.johnson1438@yahoo.com,GADGET-10,1,251.93,251.93,apple_pay,STORE_110,,,
US1275363,04/29/2025,alex.brown3948@email.com,GADGET-61,3,114.33,342.99,credit_card,STORE_101,,,
US1270167,04/29/2025,chris.johnson647@outlook.com,GADGET-45,2,39.77,59.66,bank_transfer,STORE_102,VIP25,25.0,250.0
US1276412,04/29/2025,jane.miller5666@yahoo.com,GADGET-47,5,218.48,819.3,google_pay,STORE_111,VIP25,25.0,250.0
US1270132,04/29/2025,jane.smith1736@gmail.com,GADGET-68,3,124.5,373.5,paypal,STORE_110,,,
US1278007,04/29/2025,sam.jones1651@email.com,GADGET-36,5,245.18,1103.31,bank_transfer,STORE_108,SAVE10,10.0,100.0
US1279434,04/29/2025,chris.miller8824@yahoo.com,GADGET-51,5,43.82,219.1,apple_pay,STORE_111,,,
US1271078,04/29/2025,john.williams2385@yahoo.com,GADGET-60,4,242.44,727.32,bank_transfer,STORE_108,VIP25,25.0,250.0
US1281070,04/29/2025,lisa.brown2499@gmail.com,GADGET-32,3,48.96,110.16,paypal,STORE_107,VIP25,25.0,250.0
US1273784,04/29/2025,sam.brown4112@email.com,GADGET-56,1,102.36,87.01,bank_transfer,STORE_106,WELCOME15,15.0,150.0
US1277196,04/29/2025,sam.jones4328@email.com,GADGET-56,5,114.33,457.32,apple_pay,STORE_120,SAVE20,20.0,200.0
US1269405,04/29/2025,jane.johnson3070@gmail.com,GADGET-51,2,31.06,62.12,paypal,STORE_110,,,
US1269582,04/29/2025,john.jones8485@gmail.com,GADGET-69,4,59.11,236.44,paypal,STORE_110,,,
US1268374,04/29/2025,alex.brown5283@email.com,GADGET-46,4,228.15,912.6,google_pay,STORE_104,,,
US1273366,04/29/2025,sam.brown4836@outlook.com,GADGET-66,1,280.0,252.0,paypal,STORE_106,SAVE10,10.0,100.0
US1281057,04/29/2025,david.miller9132@yahoo.com,GADGET-61,2,278.75,473.88,google_pay,STORE_117,WELCOME15,15.0,150.0
US1274487,04/29/2025,sam.williams788@email.com,GADGET-29,2,148.58,222.87,credit_card,STORE_104,VIP25,25.0,250.0
US1273855,04/29/2025,lisa.brown183@email.com,GADGET-52,1,80.66,80.66,bank_transfer,STORE_104,,,
US1278385,04/29/2025,jane.smith560@yahoo.com,GADGET-33,5,207.78,1038.9,google_pay,STORE_117,,,
US1277745,04/29/2025,maria.williams4930@email.com,GADGET-14,1,290.45,290.45,credit_card,STORE_110,,,
US1273795,04/29/2025,john.jones3896@email.com,GADGET-73,1,39.04,39.04,credit_card,STORE_115,,,
US1281477,04/29/2025,maria.smith960@gmail.com,GADGET-65,4,283.38,906.82,bank_transfer,STORE_106,SAVE20,20.0,200.0
US1271260,04/29/2025,sam.brown8091@email.com,GADGET-31,2,258.36,516.72,google_pay,STORE_117,,,
US1268734,04/29/2025,chris.miller3005@yahoo.com,GADGET-02,2,204.4,408.8,bank_transfer,STORE_101,,,
US1279897,04/29/2025,david.johnson3346@yahoo.com,GADGET-57,4,266.38,958.97,paypal,STORE_113,SAVE10,10.0,100.0
US1270989,04/29/2025,alex.johnson9982@gmail.com,GADGET-48,1,51.31,51.31,bank_transfer,STORE_111,,,
US1278934,04/29/2025,lisa.jones4677@email.com,GADGET-26,3,43.87,131.61,paypal,STORE_114,,,
US1273065,04/29/2025,jane.johnson1946@gmail.com,GADGET-13,2,199.51,359.12,paypal,STORE_112,SAVE10,10.0,100.0
US1274802,04/29/2025,alex.brown6063@gmail.com,GADGET-09,4,298.29,894.87,google_pay,STORE_101,VIP25,25.0,250.0
US1270815,04/29/2025,david.miller758@email.com,GADGET-33,3,84.24,214.81,paypal,STORE_102,WELCOME15,15.0,150.0
US1279812,04/29/2025,maria.brown5054@email.com,GADGET-78,4,57.92,196.93,credit_card,STORE_109,WELCOME15,15.0,150.0
US1277622,04/29/2025,chris.jones9121@email.com,GADGET-61,1,273.79,232.72,paypal,STORE_112,WELCOME15,15.0,150.0
US1268554,04/29/2025,david.williams4516@gmail.com,GADGET-48,1,188.81,188.81,bank_transfer,STORE_102,,,
US1271170,04/29/2025,chris.jones1423@gmail.com,GADGET-75,1,40.31,40.31,google_pay,STORE_105,,,
US1278347,04/29/2025,alex.smith7399@email.com,GADGET-55,3,155.87,467.61,paypal,STORE_108,,,
US1277535,04/29/2025,alex.jones730@gmail.com,GADGET-31,4,177.81,711.24,google_pay,STORE_117,,,
US1276763,04/29/2025,chris.miller6707@email.com,GADGET-38,1,240.32,204.27,google_pay,STORE_108,WELCOME15,15.0,150.0
US1269735,04/29/2025,alex.jones4183@yahoo.com,GADGET-24,2,110.79,221.58,paypal,STORE_117,,,
US1273040,04/29/2025,sam.miller7437@outlook.com,GADGET-50,4,248.18,992.72,credit_card,STORE_103,,,
US1273395,04/29/2025,chris.smith2773@gmail.com,GADGET-72,3,24.76,74.28,apple_pay,STORE_108,,,
US1278994,04/29/2025,jane.miller5348@outlook.com,GADGET-67,1,79.92,79.92,paypal,STORE_119,,,
US1272703,04/29/2025,maria.jones723@yahoo.com,GADGET-48,1,246.51,246.51,google_pay,STORE_102,,,
US1281371,04/29/2025,sam.smith4709@outlook.com,GADGET-27,4,293.85,1057.86,apple_pay,STORE_102,SAVE10,10.0,100.0
US1274970,04/29/2025,sam.williams9535@gmail.com,GADGET-68,4,279.21,1116.84,credit_card,STORE_119,,,
US1274628,04/29/2025,maria.johnson37@outlook.com,GADGET-73,5,60.39,256.66,paypal,STORE_120,WELCOME15,15.0,150.0
US1268995,04/29/2025,alex.johnson9018@email.com,GADGET-53,1,34.23,34.23,google_pay,STORE_110,,,
US1277133,04/29/2025,maria.williams5708@yahoo.com,GADGET-51,3,171.32,462.56,bank_transfer,STORE_114,SAVE10,10.0,100.0
US1268673,04/29/2025,david.brown2069@yahoo.com,GADGET-19,4,109.05,436.2,credit_card,STORE_117,,,
US1274109,04/29/2025,lisa.brown8901@gmail.com,GADGET-37,4,198.49,793.96,bank_transfer,STORE_111,,,
US1270208,04/29/2025,sam.johnson5656@email.com,GADGET-23,2,70.09,140.18,paypal,STORE_116,,,
US1277765,04/29/2025,jane.williams3989@yahoo.com,GADGET-17,3,79.79,239.37,bank_transfer,STORE_114,,,
US1277097,04/29/2025,sam.brown5797@outlook.com,GADGET-38,5,213.64,1068.2,google_pay,STORE_108,,,
US1269517,04/29/2025,jane.williams7236@email.com,GADGET-62,4,76.14,304.56,apple_pay,STORE_104,,,
US1269344,04/29/2025,chris.miller6080@yahoo.com,GADGET-56,1,89.12,89.12,paypal,STORE_115,,,
US1272981,04/29/2025,jane.brown5674@outlook.com,GADGET-13,5,212.55,1062.75,google_pay,STORE_110,,,
US1268801,04/29/2025,jane.smith653@outlook.com,GADGET-42,4,64.34,257.36,credit_card,STORE_111,,,
US1273881,04/29/2025,maria.jones7371@gmail.com,GADGET-22,3,36.7,82.58,apple_pay,STORE_117,VIP25,25.0,250.0
US1271024,04/29/2025,jane.miller7299@gmail.com,GADGET-08,2,163.48,277.92,paypal,STORE_109,WELCOME15,15.0,150.0
US1271541,04/29/2025,sam.jones5506@email.com,GADGET-25,1,176.47,176.47,apple_pay,STORE_117,,,
US1272055,04/29/2025,chris.brown9523@email.com,GADGET-44,4,26.7,90.78,bank_transfer,STORE_112,WELCOME15,15.0,150.0
US1272141,04/29/2025,sam.williams9638@email.com,GADGET-14,3,96.97,290.91,credit_card,STORE_118,,,
US1277329,04/29/2025,david.williams4483@outlook.com,GADGET-33,5,220.83,1104.15,bank_transfer,STORE_106,,,
US1269838,04/29/2025,david.miller3495@yahoo.com,GADGET-78,5,297.79,1488.95,google_pay,STORE_116,,,
US1279002,04/29/2025,chris.brown6228@gmail.com,GADGET-05,1,156.26,156.26,bank_transfer,STORE_103,,,
US1281637,04/29/2025,chris.miller1702@yahoo.com,GADGET-37,4,231.69,926.76,paypal,STORE_119,,,
US1277539,04/29/2025,john.johnson598@yahoo.com,GADGET-57,5,113.4,481.95,google_pay,STORE_103,WELCOME15,15.0,150.0
US1272139,04/29/2025,chris.smith8540@gmail.com,GADGET-50,3,188.11,564.33,apple_pay,STORE_120,,,
US1271136,04/29/2025,sam.johnson7652@gmail.com,GADGET-75,4,187.6,750.4,apple_pay,STORE_115,,,
US1282380,04/29/2025,maria.smith2113@yahoo.com,GADGET-57,5,113.4,567.0,bank_transfer,STORE_119,,,
US1280824,04/29/2025,john.smith986@email.com,GADGET-76,3,250.06,750.18,paypal,STORE_120,,,
US1279781,04/29/2025,lisa.johnson8903@gmail.com,GADGET-79,4,246.26,886.54,paypal,STORE_103,SAVE10,10.0,100.0
US1282368,04/29/2025,maria.jones237@yahoo.com,GADGET-46,4,102.36,368.5,credit_card,STORE_107,SAVE10,10.0,100.0
US1269470,04/29/2025,david.smith4887@yahoo.com,GADGET-66,3,291.99,875.97,paypal,STORE_117,,,
US1277439,04/29/2025,chris.smith9067@email.com,GADGET-37,1,27.38,23.27,google_pay,STORE_109,WELCOME15,15.0,150.0
US1279461,04/29/2025,maria.brown2711@gmail.com,GADGET-65,3,96.7,232.08,paypal,STORE_110,SAVE20,20.0,200.0
US1277968,04/29/2025,lisa.johnson4270@yahoo.com,GADGET-79,1,298.18,238.54,bank_transfer,STORE_111,SAVE20,20.0,200.0
US1278093,04/29/2025,sam.smith8243@outlook.com,GADGET-04,3,206.94,620.82,apple_pay,STORE_116,,,
US1270931,04/29/2025,lisa.jones4122@yahoo.com,GADGET-54,5,248.78,1243.9,paypal,STORE_102,,,
US1270655,04/29/2025,lisa.brown7355@outlook.com,GADGET-73,4,266.3,958.68,paypal,STORE_108,SAVE10,10.0,100.0
US1268503,04/29/2025,lisa.miller5110@email.com,GADGET-42,4,110.57,375.94,google_pay,STORE_104,WELCOME15,15.0,150.0
US1268445,04/29/2025,sam.jones6400@gmail.com,GADGET-33,1,122.71,122.71,apple_pay,STORE_120,,,
US1280138,04/29/2025,david.williams710@outlook.com,GADGET-59,1,94.03,75.22,credit_card,STORE_118,SAVE20,20.0,200.0
US1278342,04/29/2025,jane.johnson967@outlook.com,GADGET-41,2,266.94,533.88,paypal,STORE_116,,,
US1279040,04/29/2025,sam.brown7069@gmail.com,GADGET-48,2,251.91,503.82,credit_card,STORE_101,,,
US1280769,04/29/2025,maria.miller72@gmail.com,GADGET-29,3,80.06,240.18,apple_pay,STORE_107,,,
US1274168,04/29/2025,john.williams101@yahoo.com,GADGET-03,5,88.13,330.49,google_pay,STORE_120,VIP25,25.0,250.0
